rank - op_exegergy - total_cost - availability
1    0.939799908524897    30792.652674513483    0.9997883141002936    
1    1.8557229532271056    30187.776767508803    0.9997823791060799    
1    3.507286533352456    36248.29146488664    0.9999007520754126    
1    1.746791695114341    30196.962717027935    0.9997823786220258    
1    1.2285151467573503    31121.300629400463    0.9998920881689354    
1    1.071726281716419    30738.037379828067    0.9997883145102263    
1    1.7530547082544363    30270.507581887065    0.99987433007221    
1    2.0150269608133486    30934.449120516016    0.9998952403379131    
1    2.1539779773127856    30308.162249815003    0.9998802236026995    
1    3.0469729382238495    30670.515505657804    0.9999007034055236    
1    2.5736864159954496    30870.786194302436    0.9999007257580339    
1    2.317847480798667    30422.2444764003    0.999883396313462    
1    2.7727470152661993    30368.342092567975    0.9998888811844846    
1    1.5567694441190925    30491.08863061382    0.9997882935230608    
1    1.723893761483901    30678.381479219304    0.9998834182280809    
1    3.597293669690875    30729.347907644074    0.9999007041436652    
1    1.3619121510922034    31066.84873817554    0.9998920885789107    
1    2.7225439999639187    30397.396192848624    0.9998830795165566    
1    1.5629719732845506    30564.62677655453    0.9998802455172472    
1    1.2749719780870896    30518.229716412625    0.9998743524707452    
1    1.1646375396460928    30454.410782490344    0.999782400534429    
1    2.7727470152661993    30368.342092567975    0.9998888811844846    
1    1.2688611747480956    30444.70176374785    0.999782401018501    
1    3.189550585826365    30617.083685984122    0.9999007038430192    
1    2.0150269608133486    30934.449120516016    0.9998952403379131    
1    2.5736864159954496    30870.786194302436    0.9999007257580339    
1    2.7727470152661993    30368.342092567975    0.9998888811844846    
1    2.5736864159954496    30870.786194302436    0.9999007257580339    
1    3.0469729382238495    30670.515505657804    0.9999007034055236    
1    2.2430980187410996    31211.608862585483    0.9999007459829531    
1    1.071726281716419    30738.037379828067    0.9997883145102263    
1    1.5356303712980648    30609.573178645835    0.9998802455609286    
1    3.0244879323988405    30654.665026701397    0.999894901622384    
1    1.2285151467573503    31121.300629400463    0.9998920881689354    
1    1.2285151467573503    31121.300629400463    0.9998920881689354    
1    3.189550585826365    30617.083685984122    0.9999007038430192    
1    3.507286533352456    36248.29146488664    0.9999007520754126    
1    3.189550585826365    30617.083685984122    0.9999007038430192    
1    1.071726281716419    30738.037379828067    0.9997883145102263    
2    3.81240649035079    35904.638971054126    0.99990073225965    
2    3.0865478829892408    36573.45557965112    0.999900726933782    
2    3.222963830452175    36519.33912662257    0.9999007273691305    
2    3.81240649035079    35904.638971054126    0.99990073225965    
2    3.4769059009354284    36391.92050638294    0.999900732395748    
2    3.0866077597868777    36147.53832288197    0.9999007260737808    
2    3.6062296074787024    31489.40944920513    0.9999006823636892    
2    3.81240649035079    35904.638971054126    0.99990073225965    
2    2.42770272941079    36150.76090592837    0.9998920942613408    
2    1.9119885090038886    30811.085518532163    0.9998831638522621    
2    3.222609967047944    35964.84222303195    0.9998952468394888    
2    3.039547749194334    36134.33015358155    0.9999004097656617    
2    1.3428357072889578    30823.583505183808    0.9997883142297808    
2    2.7863843791703244    30907.50349435841    0.9998888168437468    
2    3.81240649035079    35904.638971054126    0.99990073225965    
2    3.3839895826165276    35654.607006839855    0.9998889096007562    
2    3.0865478829892408    36573.45557965112    0.999900726933782    
3    2.3420053415825794    35554.29561459976    0.9998743584880682    
3    2.4583639084924216    36512.229632543014    0.9998920692467252    
3    2.266495845741671    35839.85574141062    0.9998802725896373    
4    3.3058646631338124    35702.73868055386    0.999791075046736    
