

disponibilidade ordenado
0.9997823791060799
0.9997823791060799
0.9997823791060799
0.999782379589461
0.999782379589461
0.999782379589461
0.9997824014714203
0.9997824215650847
0.9997824219744067
0.9997824219744067
0.9997882720945853
0.9997882720945853
0.9997882720945853
0.9997882725779693
0.9997882944600575
0.9997882944600575
0.9997882944600575
0.9997883149631648
0.9998743524707452
0.9998743730192184
0.9998743734285783
0.9998743734285783
0.9998759376659174
0.999879908261021
0.9998799301333676
0.9998799301333676
0.9998802669593232
0.999881788333293
0.9998817888167222
0.9998833967509498
0.9998849610024053
0.9998861525586927
0.9998861744733885
0.9998861950221046
0.9998861950221046
0.9998861950221046
0.9998861954314693
0.9998861954314693
0.9998888816685901
0.999888882152023
0.9998889040363131
0.9998904644926566
0.9998920890318963
0.999895218860528
0.999895240744939
0.9998952412283927
0.9998952617336933
0.9998952617336933
0.9999007043264576
0.9999007043264576
0.9999007043264576
0.9999007264923147
0.9999007264923147
0.9999007463070492
0.9999007469977381
0.9999007469977381
0.9999007469977381
0.9999007524741927
0.9999007527998436
0.9999007529271875
0.9999007530755487
0.9999007530811651
0.9999007532085091
0.9999007532085091
0.9999007532085091
0.9999007583606757
0.9999007583606757
0.9999007584427292
0.9999007584427292
0.9999007584856495
0.999900758761882
0.9999007588866851
0.9999007588866851
0.9999007590114348
0.9999007590114348
0.9999007590375903
0.9999007590375903
0.9999007590375903
0.9999007591623934
0.9999007592870257
0.9999007592870257


custo ordenado
30178.590817999364
30178.590817999364
30178.590817999364
30187.776767508803
30187.776767508803
30187.776767508803
30216.59154898928
30225.597372994613
30225.597372994613
30225.597372994613
30310.28045519969
30320.520676957283
30329.43313577077
30350.89443287429
30359.618262716103
30368.40345496564
30398.8317672941
30435.515814382197
30472.546129130693
30472.546129130693
30472.546129130693
30517.55899555728
30518.229716412625
30564.400949909268
30564.400949909268
30605.329784977333
30608.495884192274
30608.495884192274
30608.495884192274
30625.352585160268
30670.358035737787
30692.44080392837
30692.44080392837
30728.500702333702
30747.271049219067
30765.951844396706
30765.951844396706
30773.757107964277
30795.03733519114
30802.025427369088
30820.77748975172
30871.319057568922
30880.641525565734
30974.462615257362
30974.462615257362
31020.904186050408
31020.904186050408
31057.443072800048
31075.57342401281
31075.57342401281
31075.57342401281
31126.067461779036
31126.067461779036
31170.017346825425
31226.20720416006
31226.20720416006
31226.20720416006
36149.75367190561
36260.05998239391
36263.99803615917
36637.03520643366
36645.366888240416
36750.21297024529
36750.21297024529
36750.21297024529
41183.60645112856
41236.34586396873
41236.34586396873
41297.850815683974
41297.850815683974
41297.850815683974
41670.88798544357
41670.88798544357
41679.21966714017
41679.21966714017
41723.62739829719
41784.06574955078
42158.16951974911
42158.16951974911
42271.34728385143
42271.34728385143


exergia ordenado
0.660938814070291
0.6668560081725334
0.7909306318296326
0.7909306318296326
0.7968892253521198
0.7968892253521198
0.9465438468764783
0.9465438468764783
0.9465438468764783
0.986084237646775
1.077984730589417
1.077984730589417
1.1775009888361814
1.1835827298040276
1.2749719780870896
1.3777924350267663
1.4688659672806554
1.5612429324122008
1.6554741522430936
1.6554741522430936
1.7730965391248183
1.7730965391248183
1.7730965391248183
1.8557229532271056
1.8557229532271056
1.8557229532271056
1.935720858722285
1.9646542114440282
1.9646542114440282
1.9646542114440282
2.1406209812579884
2.1406209812579884
2.15422263169431
2.154646665436925
2.258139673964276
2.258139673964276
2.258139673964276
2.2619252235230856
2.3686920617180918
2.389659110613153
2.4567423125525605
2.462258689520373
2.462258689520373
2.462258689520373
2.464446349612533
2.5758390240918447
2.6580227182977394
2.6839949630549023
2.752723272492305
2.7558089119696905
2.858736639238502
2.885837350382985
2.97535630754537
2.9989276856072604
3.095744098570204
3.095744098570204
3.3038651735001947
3.3038651735001947
3.3038651735001947
3.3108569039469797
3.3913212712618472
3.3913212712618472
3.3913212712618472
3.7009787878951905
3.736421271640977
3.8785758175470524
3.8785758175470524
4.0652671059841055
4.097456746359954
4.097456746359954
4.214076415886034
4.214076415886034
4.294540784024121
4.294540784024121
4.400767704122392
4.400767704122392
4.549577014141058
4.630041382404221
4.975141384693124
4.975141384693124
4.975141384693124
---------------------------
crowd
1.7319712775598693E-4
2.618178265543884E-4
7.596241217111351E-4
0.0013249166483517679
0.0015027317078268726
0.0020300650725594248
0.0032018242336088695
0.005086098598687866
0.005159489283974484
0.007155614855703651
0.00788433947283033
0.008150993035556504
0.008671231470737431
0.011969365435964089
0.013340728493233835
0.01869456280881134
0.019911811055380917
0.02092981486901734
0.023059332728866604
0.023988907992424095
0.026092136494363143
0.026449150487076575
0.027721605165049755
0.028984541422106963
0.030326182319328453
0.0305900737313217
0.030704191520198095
0.03075292352507024
0.03161276886329234
0.03174497266539543
0.03292423430197328
0.033703639509221034
0.03486240822208918
0.03603834942990157
0.03742238508376369
0.038115586642180045
0.039547772277165764
0.039622509717819124
0.04041849218755737
0.04079186897038327
0.041694483615832535
0.04601828953348263
0.04686736230583363
0.04701765025671258
0.04783390655684916
0.0494472938217422
0.049500080024860824
0.05016279972892852
0.05117515889062001
0.051393509881686804
0.05262534384434436
0.05263300707243358
0.053898838795190585
0.05440348878056753
0.056186610493073955
0.05631239971726088
0.057752791980256624
0.058221347986929406
0.059407819653970455
0.06004025664317286
0.0638876045716478
0.07145203217234203
0.07234042987516648
0.07955936322351327
0.07999182927589026
0.08720513989895759
0.08944024713560735
0.09421645410981516
0.1345788397953625
0.40714840174354183
0.42412418332214274
0.4365455845663261
0.4383919302507674
0.755973961988301
0.7758532934110768
1.7976931348623157E308
1.7976931348623157E308
1.7976931348623157E308
1.7976931348623157E308
1.7976931348623157E308
1.7976931348623157E308
