

disponibilidade ordenado
0.9993827922585767
0.9993827922585767
0.9993827922585767
0.9993827922585767
0.9993836126418674
0.9993836126418674
0.9993886828918089
0.9993886828918089
0.9993886828918089
0.9993887618882763
0.9993895032799351
0.999391853996276
0.9993926743870053
0.9993926743870053
0.9993926743870053
0.9993950939706492
0.9993950939706492
0.9993970750695543
0.9993970750695543
0.9993970750695543
0.9993970750695543
0.9993978954645696
0.999419929780715
0.999419929780715
0.999419929780715
0.999419929780715
0.9994200087796523
0.9994207501944916
0.9994207501944916
0.9994258206328458
0.9994266410514581
0.9994266410514581
0.9994289918551525
0.9994289918551525
0.9994289918551525
0.9994289918551525
0.9994290708548061
0.9994290708548061
0.9994298122763681
0.9994298122763681
0.9994298122763681
0.9994321529500213
0.9994322319499248
0.9994322319499248
0.9994322319499248
0.9994322319499248
0.9994342131224484
0.9994342921225148
0.99943503354795
0.99943503354795
0.9994355430538658
0.9994355430538658
0.9994355430538658
0.9994368384369435
0.9994368384369435
0.9994368384369435
0.9994369174372175
0.9994370690719295
0.9994376588646002
0.9994376588646002
0.9994376588646002
0.9994400096942103
0.9994403193304708
0.9994408301244702
0.9994408301244702
0.9994410607603772
0.9994410607603772
0.9994432498247018
0.9994432498247018
0.9994432498247018
0.9994434804611673
0.9994434804611673
0.9994452310190661
0.9994452310190661
0.9994460514536121
0.9994460514536121
0.9994460514536121
0.9994462820907241
0.9994465609651447
0.9994465609651447
0.9994465609651447
0.9994465609651447
0.9994465609651447
0.9994465609651447
0.9994465609651447
0.9994467916023743
0.9994467916023743
0.9994467916023743


custo ordenado
16337.510191753154
16337.510191753154
16337.510191753154
16337.510191753154
16340.141536492283
16340.141536492283
16374.619499704939
16374.619499704939
16374.619499704939
16377.606836480194
16416.602538660263
16443.516223129278
16446.05553407615
16446.05553407615
16446.05553407615
16446.05553407615
16446.6735200907
16446.6735200907
16446.6735200907
16449.765870965988
16501.764544815458
16501.764544815458
16531.922037279077
16531.922037279077
16531.922037279077
16531.922037279077
16533.52046119292
16533.52046119292
16567.13060003126
16569.06964391724
16569.06964391724
16574.24842141668
16634.70632614373
16635.119856503545
16635.119856503545
16635.119856503545
16635.119856503545
16637.221521538315
16637.221521538315
16637.221521538315
16637.337150333453
16637.337150333453
16648.64110262945
16676.777496530525
16677.321837290012
16677.321837290012
16690.713670059646
16690.713670059646
16690.713670059646
16690.713670059646
16789.609445856815
16789.609445856815
16789.609445856815
21724.319608558613
21724.319608558613
21724.319608558613
21728.369232769866
21728.369232769866
21728.369232769866
21766.040045529702
21794.13591347741
21798.36293488721
21798.36293488721
21799.667485702277
21799.667485702277
21804.47174661856
21804.47174661856
21804.47174661856
21855.074180563555
21855.074180563555
21855.074180563555
21964.495722042164
21964.495722042164
21964.495722042164
21964.495722042164
21964.495722042164
21964.495722042164
21964.495722042164
22178.20547305835
22251.178452623044
22251.178452623044
22255.664256527292
22289.34586273184
22307.017937845158
22307.017937845158
22413.589007334325
22413.589007334325
22413.589007334325


exergia ordenado
0.23429468841950926
0.2852184416617782
0.2852184416617782
0.2852184416617782
0.2852184416617782
0.491188398442291
0.491188398442291
0.664126831632969
0.7929754778977376
0.7929754778977376
0.8450188613182692
0.8450188613182692
0.8450188613182692
0.8450188613182692
0.8731623680408362
0.8731623680408362
1.055517987999676
1.055517987999676
1.055517987999676
1.3743135114892961
1.3743135114892961
1.3743135114892961
1.3743135114892961
1.3805381169249595
1.427521615122586
1.4337587939529373
1.4356338899237602
1.4356338899237602
1.4356338899237602
1.4356338899237602
1.6490203529209255
1.6490203529209255
1.6509001349001065
1.6509001349001065
1.7776351323870785
1.8316489922075898
1.8316489922075898
1.8316489922075898
2.0207082274309447
2.0501191653872173
2.240708042220474
2.240708042220474
2.240708042220474
2.3765280716976616
2.416823269583285
2.416823269583285
2.416823269583285
2.5139190887731835
2.5738934538067633
2.5738934538067633
2.6360237367150625
2.6360237367150625
2.6360237367150625
2.6360237367150625
2.793857749450962
2.793857749450962
2.8610009107523444
2.9562182293722206
3.0125955071467985
3.0125955071467985
3.0125955071467985
3.1337793025613503
3.1337793025613503
3.2099309719696936
3.2406262662542242
3.2406262662542242
3.2406262662542242
3.426691688873311
3.439558305798425
3.439558305798425
3.7873257030110437
3.7873257030110437
3.7873257030110437
3.852176826416006
3.852176826416006
4.086999315695092
4.086999315695092
4.086999315695092
4.245366702944227
4.245366702944227
4.245366702944227
4.924567351318122
4.924567351318122
4.924567351318122
4.924567351318122
4.924567351318122
4.924567351318122
4.924567351318122
---------------------------
crowd
0.0
0.0
0.0
0.0
0.0
0.0
0.0
6.80587550568777E-5
3.9978400097193844E-4
4.179193562071211E-4
0.0012343324584303567
0.0036037418241960215
0.004765542494944296
0.006544458390945828
0.007042661086942674
0.009882091420725296
0.011930722353936897
0.011931871544689353
0.012007800315151022
0.012354751291974376
0.012676299059931343
0.013826727797288423
0.013846076812374222
0.01392092110899509
0.01453443291196627
0.017539448174352604
0.018008578361099235
0.01865740265485828
0.019671893414813322
0.020701529776286566
0.022748284592783323
0.02423736122755274
0.02606542850297335
0.027436833447872604
0.0288839021568107
0.029466749607421953
0.031056695810794396
0.03365135122834361
0.03455575495626365
0.03780638207075195
0.03877605750095639
0.0388795349578127
0.039145879988740896
0.042732083198665005
0.04393833259177796
0.045513814179213685
0.046077828364498225
0.04674864014530083
0.04723238774619163
0.04887759697726246
0.05229988822084686
0.0534756764939618
0.053555369385487876
0.053987999215633714
0.054759631707376195
0.05564590497218885
0.056016321917966044
0.056656532386732864
0.058747221375429426
0.062203012911453436
0.06796950761762383
0.06967044518827131
0.07072945604193888
0.07121341140029315
0.0759303468072994
0.07763330072732774
0.07986571235290182
0.08005731698170666
0.08234246111980405
0.08260243679610832
0.09631615402009139
0.10097584338065481
0.10212979328184832
0.10456193860956067
0.12340376202295991
0.12520663898595885
0.12635957943700993
0.14916794021449398
0.16223944673243879
0.34428971983144935
0.4007918214114745
0.8121537446235048
0.8409855399015302
1.7976931348623157E308
1.7976931348623157E308
1.7976931348623157E308
1.7976931348623157E308
1.7976931348623157E308
