rank iniciais
1    2.2088890840612776    0.0    0.9999993745941614    
1    3.62793494718506    0.0    0.9999996161270266    
1    3.0103428700139014    0.0    0.9999995866726136    
1    4.488774859231794    0.0    0.9999996243700806    
1    3.06001382186751    0.0    0.9999995905924967    
2    3.9854007949890278    0.0    0.9999995954583102    
2    3.706773488919145    0.0    0.9999995916251991    
2    2.8630338771046553    0.0    0.9999992650230896    
3    3.7060185834019586    0.0    0.9999992101577616    
3    3.7647839242306866    0.0    0.9999995322543249    


geracao 1
1    1.7111730815880326    0.0    0.9999996720752856    
2    2.2088890840612776    0.0    0.9999993745941614    
2    3.0103428700139014    0.0    0.9999995866726136    
2    3.0373148273127355    0.0    0.9999996529258943    
3    2.8630338771046553    0.0    0.9999992650230896    
3    3.06001382186751    0.0    0.9999995905924967    
3    3.3021915441772545    0.0    0.9999996496927686    
3    3.2926838421584734    0.0    0.9999996408210533    
3    2.896696574039677    0.0    0.9999992698503459    
4    3.297797500351116    0.0    0.9999995868242666    


geracao 2
1    1.7111730815880326    0.0    0.9999996720752856    
1    1.7111730815880326    0.0    0.9999996720752856    
1    1.7111730815880326    0.0    0.9999996720752856    
1    1.4146161215242232    0.0    0.9999996670911822    
1    1.7111730815880326    0.0    0.9999996720752856    
2    3.0103428700139014    0.0    0.9999995866726136    
2    3.0373148273127355    0.0    0.9999996529258943    
2    2.2088890840612776    0.0    0.9999993745941614    
2    3.3516205251123825    0.0    0.9999996558348929    
2    3.0103428700139014    0.0    0.9999995866726136    


geracao 3
1    1.7111730815880326    0.0    0.9999996720752856    
1    1.7111730815880326    0.0    0.9999996720752856    
1    1.7111730815880326    0.0    0.9999996720752856    
1    1.7111730815880326    0.0    0.9999996720752856    
1    1.4146161215242232    0.0    0.9999996670911822    
1    1.4146161215242232    0.0    0.9999996670911822    
1    1.4146161215242232    0.0    0.9999996670911822    
1    1.7111730815880326    0.0    0.9999996720752856    
1    1.7111730815880326    0.0    0.9999996720752856    
1    1.7111730815880326    0.0    0.9999996720752856    


geracao 4
1    1.7111730815880326    0.0    0.9999996720752856    
1    1.7111730815880326    0.0    0.9999996720752856    
1    1.7111730815880326    0.0    0.9999996720752856    
1    1.7111730815880326    0.0    0.9999996720752856    
1    1.7111730815880326    0.0    0.9999996720752856    
1    1.4146161215242232    0.0    0.9999996670911822    
1    1.4146161215242232    0.0    0.9999996670911822    
1    1.4146161215242232    0.0    0.9999996670911822    
1    1.4146161215242232    0.0    0.9999996670911822    
1    1.4146161215242232    0.0    0.9999996670911822    


geracao 5
1    1.4146161215242232    0.0    0.9999996670911822    
1    1.4146161215242232    0.0    0.9999996670911822    
1    1.4146161215242232    0.0    0.9999996670911822    
1    1.7111730815880326    0.0    0.9999996720752856    
1    1.7111730815880326    0.0    0.9999996720752856    
1    1.4146161215242232    0.0    0.9999996670911822    
1    1.4146161215242232    0.0    0.9999996670911822    
1    1.4146161215242232    0.0    0.9999996670911822    
1    1.4146161215242232    0.0    0.9999996670911822    
1    1.4146161215242232    0.0    0.9999996670911822    


geracao 6
1    1.4146161215242232    0.0    0.9999996670911822    
1    1.4146161215242232    0.0    0.9999996670911822    
1    1.4146161215242232    0.0    0.9999996670911822    
1    1.4146161215242232    0.0    0.9999996670911822    
1    1.4146161215242232    0.0    0.9999996670911822    
1    1.4146161215242232    0.0    0.9999996670911822    
1    1.4146161215242232    0.0    0.9999996670911822    
1    1.4146161215242232    0.0    0.9999996670911822    
1    1.4146161215242232    0.0    0.9999996670911822    
1    1.7111730815880326    0.0    0.9999996720752856    


geracao 7
1    1.4146161215242232    0.0    0.9999996670911822    
1    1.4146161215242232    0.0    0.9999996670911822    
1    1.4146161215242232    0.0    0.9999996670911822    
1    1.4146161215242232    0.0    0.9999996670911822    
1    1.4146161215242232    0.0    0.9999996670911822    
1    1.4146161215242232    0.0    0.9999996670911822    
1    1.4146161215242232    0.0    0.9999996670911822    
1    1.4146161215242232    0.0    0.9999996670911822    
1    1.4146161215242232    0.0    0.9999996670911822    
1    1.4146161215242232    0.0    0.9999996670911822    


geracao 8
1    1.4146161215242232    0.0    0.9999996670911822    
1    1.4146161215242232    0.0    0.9999996670911822    
1    1.4146161215242232    0.0    0.9999996670911822    
1    1.4146161215242232    0.0    0.9999996670911822    
1    1.4146161215242232    0.0    0.9999996670911822    
1    1.4146161215242232    0.0    0.9999996670911822    
1    1.4146161215242232    0.0    0.9999996670911822    
1    1.4146161215242232    0.0    0.9999996670911822    
1    0.9454061404577925    0.0    0.9999996588301188    
1    1.4146161215242232    0.0    0.9999996670911822    


geracao 9
1    1.4146161215242232    0.0    0.9999996670911822    
1    1.4146161215242232    0.0    0.9999996670911822    
1    1.4146161215242232    0.0    0.9999996670911822    
1    1.4146161215242232    0.0    0.9999996670911822    
1    1.4146161215242232    0.0    0.9999996670911822    
1    0.9454061404577925    0.0    0.9999996588301188    
1    1.4146161215242232    0.0    0.9999996670911822    
1    1.4146161215242232    0.0    0.9999996670911822    
1    1.4146161215242232    0.0    0.9999996670911822    
1    0.9454061404577925    0.0    0.9999996588301188    


geracao 10
1    1.4146161215242232    0.0    0.9999996670911822    
1    1.4146161215242232    0.0    0.9999996670911822    
1    1.4146161215242232    0.0    0.9999996670911822    
1    1.4146161215242232    0.0    0.9999996670911822    
1    1.4146161215242232    0.0    0.9999996670911822    
1    0.9454061404577925    0.0    0.9999996588301188    
1    0.9454061404577925    0.0    0.9999996588301188    
1    1.4146161215242232    0.0    0.9999996670911822    
1    0.9454061404577925    0.0    0.9999996588301188    
1    0.9454061404577925    0.0    0.9999996588301188    
