rank - op_exegergy - total_cost - availability
1    53.27121630574651    0.0    0.9948404405957164    
1    53.27121630574651    0.0    0.9948404405957164    
1    53.27121630574651    0.0    0.9948404405957164    
1    53.27121630574651    0.0    0.9948404405957164    
1    53.27121630574651    0.0    0.9948404405957164    
1    53.27121630574651    0.0    0.9948404405957164    
1    53.27121630574651    0.0    0.9948404405957164    
1    53.27121630574651    0.0    0.9948404405957164    
1    53.27121630574651    0.0    0.9948404405957164    
1    53.27121630574651    0.0    0.9948404405957164    
1    53.27121630574651    0.0    0.9948404405957164    
1    53.27121630574651    0.0    0.9948404405957164    
1    53.27121630574651    0.0    0.9948404405957164    
1    53.27121630574651    0.0    0.9948404405957164    
1    53.27121630574651    0.0    0.9948404405957164    
1    53.27121630574651    0.0    0.9948404405957164    
1    53.27121630574651    0.0    0.9948404405957164    
1    53.27121630574651    0.0    0.9948404405957164    
1    53.27121630574651    0.0    0.9948404405957164    
1    53.27121630574651    0.0    0.9948404405957164    
