

disponibilidade ordenado
0.9998675309894246
0.9998676519681624
0.9998676519681624
0.9998676519681624
0.9998692161949861
0.9998692161949861
0.9998699579430677
0.9998699579430677
0.9998742872105822
0.999874988715693
0.999874988715693
0.999874988715693
0.9998758514477865
0.9998781830252217
0.9998782823432537
0.9998782823432537
0.999879453608686
0.9998794738915822
0.999880195364362
0.9998802156472733
0.9998802156472733
0.9998821036648295
0.9998826622037472
0.9998836462521512
0.9998837469498554
0.9998844887087164
0.999886088929423
0.9998861092124538
0.9998861092124538
0.9998861092124538
0.9998885401328597
0.9998885401328597
0.9998885401328597
0.9998892818952765
0.9998892818952765
0.9998939040967857
0.9998940250787144
0.9998947465619938
0.999894752988651
0.999894752988651
0.999894752988651
0.999894752988651
0.999894752988651
0.9998947728627012
0.9998947728627012
0.9998947787588163
0.9998947787588163
0.9998947787588163
0.9998947787588163


custo ordenado
30079.642307276627
30147.479866513357
30147.479866513357
30147.479866513357
30208.15993039179
30432.454895474013
30434.805213701344
30466.129993884635
30472.315543150555
30504.51113329314
30595.132738384942
30625.464448055543
30625.464448055543
30632.45240892402
30632.65259336383
30634.535756389552
30636.75464599959
30636.75464599959
30636.75464599959
30661.85068452025
30665.62963187761
30665.62963187761
30692.624374881932
30704.482654909123
30769.92735957931
30769.92735957931
30851.331237675524
30851.331237675524
30887.86986458742
30887.86986458742
30887.86986458742
30891.393964817235
30956.49412951287
30956.49412951287
30985.284367229993
30995.91458552809
30995.91458552809
30995.91458552809
35726.47632844191
35726.47632844191
35726.47632844191
35726.47632844191
35726.47632844191
35980.17923934341
35980.17923934341
41014.031195214724
41014.031195214724
41014.031195214724
41014.031195214724


exergia ordenado
0.5368191828524932
0.5368191828524932
0.5368191828524932
0.7241196511644133
0.7241196511644133
0.8150974845679291
0.9860783404047017
0.9860783404047017
1.0779782837396805
1.0779782837396805
1.183575651429174
1.293819144455449
1.293819144455449
1.375585726943384
1.3868030125975643
1.3868030125975643
1.3868030125975643
1.4025603122852235
1.468857182779442
1.468857182779442
1.468857182779442
1.6554642517381983
1.6554642517381983
1.6713784936912492
1.7530427875922783
1.7992928152799263
1.9463607115559676
1.978037904818976
2.071088445336924
2.1683510564240462
2.3124215802318
2.353037674621817
2.353037674621817
2.353037674621817
2.590436668922488
2.687984930896695
2.97630870384662
3.0752150868489334
3.3108371032656447
3.3108371032656447
3.9266975984155996
3.9266975984155996
3.9266975984155996
3.9266975984155996
3.9266975984155996
4.5495498049562935
4.5495498049562935
4.5495498049562935
4.5495498049562935
---------------------------
crowd
0.0
0.0
2.029276288577563E-4
2.3585993825861793E-4
0.003767606745065531
0.01632586520496751
0.017588322415201006
0.026988109269168985
0.033821805057504636
0.03721195520990913
0.03856318947327599
0.04650376178526572
0.062601596492609
0.06455373744485902
0.06934774801720096
0.07047102476286193
0.07424450515136613
0.08254861169051583
0.08270001968852438
0.08490687229856368
0.08817573606909213
0.0925570161768289
0.0931422183930439
0.0947660626011298
0.09878052633136035
0.10305106625388273
0.10637922789138213
0.10709077002941506
0.12642972347304066
0.13726910971723943
0.14304493200719648
0.15347666044601585
0.15543543179772445
0.16237313988371913
0.17065886207637065
0.1728528858013429
0.17740833757050825
0.17842133736735846
0.18456127854255636
0.2220934299977691
0.23907703462545474
0.26052254120454577
0.4333609445388621
0.45985442942794214
0.5193038543693963
1.7976931348623157E308
1.7976931348623157E308
1.7976931348623157E308
1.7976931348623157E308
