rank iniciais
1    3.6317063706700687    0.0    0.9949823774899573    
2    5.075330527422909    0.0    0.9935650066098498    
2    7.280081025346646    0.0    0.9944232727027897    
2    8.861043544800255    0.0    0.9946981171085454    
2    4.46454444457471    0.0    0.9930023990385234    
3    5.148176752491932    0.0    0.9931463353439511    
3    7.38522945433549    0.0    0.9937652074289254    
3    8.08416068889511    0.0    0.9943679610322379    
4    8.232088363238926    0.0    0.9940097986060686    
4    7.9611686927606    0.0    0.9914888320561871    


geracao 1
1    3.4754284684199357    0.0    0.9953633485141617    
2    3.6317063706700687    0.0    0.9949823774899573    
2    3.6317063706700687    0.0    0.9949823774899573    
3    4.46454444457471    0.0    0.9930023990385234    
3    4.844859222707659    0.0    0.9948888160109554    
3    4.470255086727169    0.0    0.9942725580497823    
4    5.066671417783369    0.0    0.9948527870342279    
5    5.4888604395156095    0.0    0.9940538409826443    
5    5.075330527422909    0.0    0.9935650066098498    
5    5.968843157798383    0.0    0.9945167904011001    


geracao 2
1    3.4754284684199357    0.0    0.9953633485141617    
1    3.4754284684199357    0.0    0.9953633485141617    
1    3.4754284684199357    0.0    0.9953633485141617    
1    2.4814482367417114    0.0    0.993968191310065    
2    3.6317063706700687    0.0    0.9949823774899573    
2    3.6317063706700687    0.0    0.9949823774899573    
2    3.6317063706700687    0.0    0.9949823774899573    
2    3.6317063706700687    0.0    0.9949823774899573    
3    4.256387798165272    0.0    0.9949820898544501    
4    4.400784100935638    0.0    0.9947464607457476    


geracao 3
1    3.4754284684199357    0.0    0.9953633485141617    
1    3.4754284684199357    0.0    0.9953633485141617    
1    3.4754284684199357    0.0    0.9953633485141617    
1    3.4754284684199357    0.0    0.9953633485141617    
1    2.4837172379517    0.0    0.9948770617815018    
1    3.4754284684199357    0.0    0.9953633485141617    
1    2.205645622398293    0.0    0.9944934912959841    
2    3.6317063706700687    0.0    0.9949823774899573    
2    3.6317063706700687    0.0    0.9949823774899573    
2    3.6317063706700687    0.0    0.9949823774899573    


geracao 4
1    2.205645622398293    0.0    0.9944934912959841    
1    3.4755930073894423    0.0    0.9954104725050993    
1    2.2076624335942423    0.0    0.9954028420943066    
2    3.4754284684199357    0.0    0.9953633485141617    
2    3.4754284684199357    0.0    0.9953633485141617    
2    3.4754284684199357    0.0    0.9953633485141617    
2    2.4837172379517    0.0    0.9948770617815018    
2    2.4837172379517    0.0    0.9948770617815018    
2    2.483599655635816    0.0    0.9948299630429027    
2    3.4754284684199357    0.0    0.9953633485141617    


geracao 5
1    2.205645622398293    0.0    0.9944934912959841    
1    3.4755930073894423    0.0    0.9954104725050993    
1    2.2076624335942423    0.0    0.9954028420943066    
1    2.2076624335942423    0.0    0.9954028420943066    
1    2.2076624335942423    0.0    0.9954028420943066    
1    2.205645622398293    0.0    0.9944934912959841    
2    2.483599655635816    0.0    0.9948299630429027    
2    2.483599655635816    0.0    0.9948299630429027    
2    2.483599655635816    0.0    0.9948299630429027    
2    2.4837172379517    0.0    0.9948770617815018    


geracao 6
1    2.205645622398293    0.0    0.9944934912959841    
1    3.4755930073894423    0.0    0.9954104725050993    
1    2.2076624335942423    0.0    0.9954028420943066    
1    2.2076624335942423    0.0    0.9954028420943066    
1    2.2076624335942423    0.0    0.9954028420943066    
1    2.205645622398293    0.0    0.9944934912959841    
1    2.087834565174931    0.0    0.9941246744453369    
1    2.205645622398293    0.0    0.9944934912959841    
1    2.205645622398293    0.0    0.9944934912959841    
1    2.2076624335942423    0.0    0.9954028420943066    


geracao 7
1    3.4755930073894423    0.0    0.9954104725050993    
1    2.2076624335942423    0.0    0.9954028420943066    
1    2.2076624335942423    0.0    0.9954028420943066    
1    2.2076624335942423    0.0    0.9954028420943066    
1    2.2076624335942423    0.0    0.9954028420943066    
1    2.2076624335942423    0.0    0.9954028420943066    
1    2.2076624335942423    0.0    0.9954028420943066    
1    1.9311014410838505    0.0    0.9945053170617072    
2    2.205645622398293    0.0    0.9944934912959841    
2    2.205645622398293    0.0    0.9944934912959841    


geracao 8
1    2.2076624335942423    0.0    0.9954028420943066    
1    2.2076624335942423    0.0    0.9954028420943066    
1    2.2076624335942423    0.0    0.9954028420943066    
1    2.2076624335942423    0.0    0.9954028420943066    
1    1.9311014410838505    0.0    0.9945053170617072    
1    2.2076624335942423    0.0    0.9954028420943066    
1    1.9311014410838505    0.0    0.9945053170617072    
1    3.4755930073894423    0.0    0.9954104725050993    
1    2.2076624335942423    0.0    0.9954028420943066    
1    3.622058452102518    0.0    0.9954235217070501    


geracao 9
1    2.2076624335942423    0.0    0.9954028420943066    
1    2.2076624335942423    0.0    0.9954028420943066    
1    2.2076624335942423    0.0    0.9954028420943066    
1    2.2076624335942423    0.0    0.9954028420943066    
1    2.2076624335942423    0.0    0.9954028420943066    
1    1.9311014410838505    0.0    0.9945053170617072    
1    1.9311014410838505    0.0    0.9945053170617072    
1    2.2076624335942423    0.0    0.9954028420943066    
1    2.2076624335942423    0.0    0.9954028420943066    
1    1.9311014410838505    0.0    0.9945053170617072    


geracao 10
1    2.2076624335942423    0.0    0.9954028420943066    
1    2.2076624335942423    0.0    0.9954028420943066    
1    2.2076624335942423    0.0    0.9954028420943066    
1    2.2076624335942423    0.0    0.9954028420943066    
1    2.2076624335942423    0.0    0.9954028420943066    
1    1.9311014410838505    0.0    0.9945053170617072    
1    1.9311014410838505    0.0    0.9945053170617072    
1    2.2076624335942423    0.0    0.9954028420943066    
1    2.2076624335942423    0.0    0.9954028420943066    
1    1.9311014410838505    0.0    0.9945053170617072    
