rank iniciais
1    2.0386760052783854    0.0    0.9989055487443933    
1    1.3373830021958404    0.0    0.9988393418665789    
1    2.1663420569129648    0.0    0.9992492933332461    
2    4.361892802262818    0.0    0.9992151842507504    
2    5.6374434158117674    0.0    0.9992234868806118    
2    2.193320708484551    0.0    0.9988918074190516    
2    4.085489707813555    0.0    0.9992088972904336    
3    3.417820639926928    0.0    0.9988298983667484    
4    3.7669953957966653    0.0    0.998774426808737    
4    4.233405521386553    0.0    0.9988264543990383    


geracao 1
1    2.1663420569129648    0.0    0.9992492933332461    
1    1.1883563946796774    0.0    0.9992217896924854    
1    0.8524042709837243    0.0    0.9988710557537559    
1    1.1883563946796774    0.0    0.9992217896924854    
2    5.6374434158117674    0.0    0.9992234868806118    
2    2.0386760052783854    0.0    0.9989055487443933    
2    1.3373830021958404    0.0    0.9988393418665789    
2    2.651462725707869    0.0    0.9992175674371278    
3    3.2695920296327254    0.0    0.9992123425768122    
3    2.193320708484551    0.0    0.9988918074190516    


geracao 2
1    1.9057199834687424    0.0    0.9992611756513762    
1    0.70318722091464    0.0    0.9992535157226635    
1    0.70318722091464    0.0    0.9992535157226635    
2    1.1883563946796774    0.0    0.9992217896924854    
2    1.1883563946796774    0.0    0.9992217896924854    
2    0.8524042709837243    0.0    0.9988710557537559    
2    0.8461466791788195    0.0    0.9988690545809785    
2    1.1883563946796774    0.0    0.9992217896924854    
2    1.1883563946796774    0.0    0.9992217896924854    
2    2.1663420569129648    0.0    0.9992492933332461    


geracao 3
1    0.4425466473543662    0.0    0.9992653980910031    
1    0.3611379228082154    0.0    0.9989007694115563    
2    1.9057199834687424    0.0    0.9992611756513762    
2    0.70318722091464    0.0    0.9992535157226635    
2    0.70318722091464    0.0    0.9992535157226635    
2    0.70318722091464    0.0    0.9992535157226635    
2    0.70318722091464    0.0    0.9992535157226635    
2    0.70318722091464    0.0    0.9992535157226635    
3    1.1883563946796774    0.0    0.9992217896924854    
3    1.1883563946796774    0.0    0.9992217896924854    


geracao 4
1    0.4425466473543662    0.0    0.9992653980910031    
1    0.10058529349161854    0.0    0.998912647585303    
2    0.70318722091464    0.0    0.9992535157226635    
2    0.70318722091464    0.0    0.9992535157226635    
2    0.70318722091464    0.0    0.9992535157226635    
2    0.70318722091464    0.0    0.9992535157226635    
2    0.3611379228082154    0.0    0.9989007694115563    
2    0.70318722091464    0.0    0.9992535157226635    
2    0.3611379228082154    0.0    0.9989007694115563    
2    0.3611379228082154    0.0    0.9989007694115563    


geracao 5
1    0.4425466473543662    0.0    0.9992653980910031    
1    0.10058529349161854    0.0    0.998912647585303    
1    0.10058529349161854    0.0    0.998912647585303    
1    0.4425466473543662    0.0    0.9992653980910031    
2    0.3611379228082154    0.0    0.9989007694115563    
2    0.3611379228082154    0.0    0.9989007694115563    
2    0.3611379228082154    0.0    0.9989007694115563    
2    0.3611379228082154    0.0    0.9989007694115563    
2    0.70318722091464    0.0    0.9992535157226635    
2    0.3611379228082154    0.0    0.9989007694115563    


geracao 6
1    0.4425466473543662    0.0    0.9992653980910031    
1    0.10058529349161854    0.0    0.998912647585303    
1    0.10058529349161854    0.0    0.998912647585303    
1    0.4425466473543662    0.0    0.9992653980910031    
1    0.10058529349161854    0.0    0.998912647585303    
1    0.10058529349161854    0.0    0.998912647585303    
1    0.4425466473543662    0.0    0.9992653980910031    
1    0.10058529349161854    0.0    0.998912647585303    
1    0.10058529349161854    0.0    0.998912647585303    
2    0.3611379228082154    0.0    0.9989007694115563    


geracao 7
1    0.10058529349161854    0.0    0.998912647585303    
1    0.10058529349161854    0.0    0.998912647585303    
1    0.10058529349161854    0.0    0.998912647585303    
1    0.10058529349161854    0.0    0.998912647585303    
1    0.10058529349161854    0.0    0.998912647585303    
1    0.10058529349161854    0.0    0.998912647585303    
1    0.10058529349161854    0.0    0.998912647585303    
1    0.10058529349161854    0.0    0.998912647585303    
1    0.10058529349161854    0.0    0.998912647585303    
1    0.10058529349161854    0.0    0.998912647585303    


geracao 8
1    0.10058529349161854    0.0    0.998912647585303    
1    0.10058529349161854    0.0    0.998912647585303    
1    0.10058529349161854    0.0    0.998912647585303    
1    0.10058529349161854    0.0    0.998912647585303    
1    0.10058529349161854    0.0    0.998912647585303    
1    0.10058529349161854    0.0    0.998912647585303    
1    0.10058529349161854    0.0    0.998912647585303    
1    0.10058529349161854    0.0    0.998912647585303    
1    0.10058529349161854    0.0    0.998912647585303    
1    0.10058529349161854    0.0    0.998912647585303    


geracao 9
1    0.10058529349161854    0.0    0.998912647585303    
1    0.10058529349161854    0.0    0.998912647585303    
1    0.10058529349161854    0.0    0.998912647585303    
1    0.10058529349161854    0.0    0.998912647585303    
1    0.10058529349161854    0.0    0.998912647585303    
1    0.10058529349161854    0.0    0.998912647585303    
1    0.10058529349161854    0.0    0.998912647585303    
1    0.10058529349161854    0.0    0.998912647585303    
1    0.10058529349161854    0.0    0.998912647585303    
1    0.10058529349161854    0.0    0.998912647585303    


geracao 10
1    0.10058529349161854    0.0    0.998912647585303    
1    0.10058529349161854    0.0    0.998912647585303    
1    0.10058529349161854    0.0    0.998912647585303    
1    0.10058529349161854    0.0    0.998912647585303    
1    0.10058529349161854    0.0    0.998912647585303    
1    0.10058529349161854    0.0    0.998912647585303    
1    0.10058529349161854    0.0    0.998912647585303    
1    0.10058529349161854    0.0    0.998912647585303    
1    0.10058529349161854    0.0    0.998912647585303    
1    0.10058529349161854    0.0    0.998912647585303    
