

disponibilidade ordenado
0.9994426259892556
0.9994427153544888
0.9994427153544888
0.9994434567861727
0.9994441895511542
0.9994441954232608
0.9994442744241162
0.9994442789165273
0.9994442789165273
0.9994450203493711
0.9994450203493711
0.9994450203493711
0.999448516975164
0.9994493374124074
0.999449343284544
0.999449343284544
0.999449343284544
0.9994493477769781
0.9994509009848056
0.9994509113493926
0.9994516941416377
0.9994517731430858
0.9994517776355307
0.9994525087093338
0.9994525087093338
0.9994525145814892
0.9994533367192947
0.9994533367192947
0.9994540722866934
0.9994544428873857
0.9994552633294937
0.9994552736941258
0.9994564130171639
0.9994572556930301
0.9994572601854997
0.9994588192778162
0.9994588192778162
0.9994588192778162
0.9994595548492499
0.9994595607214467
0.9994600643676664
0.9994611647545832
0.9994611647545832
0.9994635052747651
0.9994635052747651
0.9994635946418652
0.9994643315965371
0.9994643360890384
0.9994643360890384
0.9994689878890668
0.9994689878890668
0.9994689937613189
0.9994689937613189
0.9994690727641345
0.9994690727641345
0.9994690772566571
0.9994698083431146
0.9994698083431146
0.9994703178667583
0.9994703237390182
0.9994703282315465
0.9994703282315465
0.9994703295643631
0.9994703295643631
0.9994703295643631
0.9994703295643631
0.9994703295922628
0.9994703295922628
0.9994703295922628
0.9994703295922628
0.9994703307757419
0.9994703307757419
0.9994703308010996
0.9994703308010996
0.9994703308010996
0.9994703308264039
0.9994703308264039
0.9994703308264039
0.9994703308264039


custo ordenado
29631.038732863686
29660.88824281113
29668.674160115028
29671.951660517036
29702.304300444266
29741.271559070025
29741.271559070025
29763.514952932666
29771.780272369353
29785.900237384503
29887.12717834885
29890.306479649294
29917.872752818992
29920.72889481895
29927.913644170018
29927.913644170018
29927.913644170018
29959.95979802937
29986.1391776793
29986.1391776793
29990.24462544459
29990.24462544459
29993.855363934148
29994.62294469439
29994.62294469439
29996.770291704175
30017.48681056655
30025.73971184642
30035.85630270435
30055.881078639894
30055.881078639894
30055.881078639894
30065.66015984476
30065.66015984476
30147.776245884776
30147.820564207235
30176.896993389328
30176.896993389328
30176.896993389328
30183.875623000822
30188.20840873683
30188.20840873683
30213.264829745498
30217.074548157696
30217.074548157696
30240.419863676107
30240.419863676107
30253.11764684134
30280.88124229605
30282.2621512697
30282.2621512697
30292.021741326866
30399.55108877612
30402.7594311562
30439.279593194708
30439.279593194708
30507.895042492277
30507.895042492277
30536.678482774812
30547.328185957802
30651.32592654015
30651.32592654015
35689.05580133235
35689.05580133235
35689.05580133235
35689.05580133235
36175.2872410926
36175.2872410926
36175.2872410926
36175.2872410926
40726.78567608907
40726.78567608907
41213.01711579827
41213.01711579827
41213.01711579827
41699.24855550534
41699.24855550534
41699.24855550534
41699.24855550534


exergia ordenado
0.5365910385323251
0.5365910385323251
0.7238119054824178
0.7238119054824178
0.7965457893780781
0.9856592641499954
0.9856592641499954
0.9856592641499954
1.0775201506651637
1.1019310732724716
1.1830726402272869
1.3089654599736598
1.3620432636092965
1.375001112830232
1.386213631218093
1.4682329289634577
1.4682329289634577
1.5098284097367118
1.6547606912501618
1.6547606912501618
1.6956284313168442
1.7494811929289864
1.7522978122601753
1.7786011363968022
1.7786011363968022
1.7786011363968022
1.7985281286792274
1.8912887573857855
1.8912887573857855
1.9483690139529861
1.967299683758095
2.0436183806205572
2.112740941337709
2.153047979352609
2.2609504360401935
2.2638162331665725
2.3114388540680246
2.3114388540680246
2.3114388540680246
2.374129623935227
2.407967450782202
2.407967450782202
2.4632480730182675
2.4632480730182675
2.5669974304664525
2.5669974304664525
2.5747289951815575
2.589335792718981
2.6421003164805748
2.6421003164805748
2.7690014619366288
2.851152730191817
2.851152730191817
3.073908239465156
3.073908239465156
3.165308542943876
3.202775414430824
3.3024414098938615
3.3024414098938615
3.484365495964688
3.7798153703595596
3.7798153703595596
3.7798153703595596
3.7798153703595596
4.015053148044459
4.117578250360928
4.124766817165571
4.124766817165571
4.124766817165571
4.124766817165571
4.708478012459641
4.708478012459641
4.708478012459641
4.708478012459641
5.053429459678797
5.053429459678797
5.053429459678797
5.398380906880197
5.398380906880197
---------------------------
crowd
0.0
0.0
0.0
9.1335365243612E-7
2.1195348069986226E-4
0.0016592996169137713
0.0024093407066507026
0.004694039763553304
0.007236534511903875
0.008227786544656357
0.010953123047394145
0.012634551627041142
0.014142190266531868
0.015030717692245881
0.0170569099219927
0.019166923751450807
0.019351867758724987
0.024780617341205173
0.02499391759746112
0.026125781802772044
0.029821358770945123
0.03464873714883913
0.03599223265320251
0.03715589221649021
0.04029027062887218
0.0402911859056422
0.04176986209246808
0.04292017525742901
0.043125125129177266
0.044650048463058145
0.045095058574311696
0.04541385278463781
0.046234579271757836
0.04722844843939817
0.04797762247510771
0.0495647230337929
0.051372810428959956
0.052466666092095805
0.05289852767012031
0.05299630069107206
0.053959449693099806
0.05448319591904451
0.05460858252496302
0.05610949658146533
0.057496519116352306
0.05797956018227169
0.05850229583340889
0.06077078162113881
0.06558616743518653
0.066775489287278
0.06734667687931903
0.06870515279135041
0.06916968053344741
0.07095244695754654
0.08155693976452988
0.08478085467322599
0.09721829867198986
0.09974612336503454
0.10437689232818126
0.10760384561502352
0.10773903105335036
0.1094820393724618
0.11076022898474895
0.11124180422488425
0.12006096748324213
0.12820218382503795
0.16510785057353128
0.18722473462082134
0.20340181274475494
0.21589257572060314
0.41748614939031164
0.4255755038596269
0.43449752857971824
0.4481002199167892
1.7976931348623157E308
1.7976931348623157E308
1.7976931348623157E308
1.7976931348623157E308
1.7976931348623157E308
