

disponibilidade ordenado
0.998912647585303
0.998912647585303
0.998912647585303
0.998912647585303
0.998912647585303
0.998912647585303
0.998912647585303
0.998912647585303
0.998912647585303
0.998912647585303
0.998912647585303
0.998912647585303
0.998912647585303
0.998912647585303
0.998912647585303
0.998912647585303
0.998912647585303
0.998912647585303
0.998912647585303


custo ordenado
0.0
0.0
0.0
0.0
0.0
0.0
0.0
0.0
0.0
0.0
0.0
0.0
0.0
0.0
0.0
0.0
0.0
0.0
0.0


exergia ordenado
0.10058529349161854
0.10058529349161854
0.10058529349161854
0.10058529349161854
0.10058529349161854
0.10058529349161854
0.10058529349161854
0.10058529349161854
0.10058529349161854
0.10058529349161854
0.10058529349161854
0.10058529349161854
0.10058529349161854
0.10058529349161854
0.10058529349161854
0.10058529349161854
0.10058529349161854
0.10058529349161854
0.10058529349161854
---------------------------
crowd
NaN
NaN
NaN
NaN
NaN
1.7976931348623157E308
NaN
NaN
NaN
1.7976931348623157E308
NaN
NaN
NaN
NaN
NaN
NaN
NaN
NaN
NaN
