rank - op_exegergy - total_cost - availability
1    0.10058529349161854    0.0    0.998912647585303    
1    0.10058529349161854    0.0    0.998912647585303    
1    0.10058529349161854    0.0    0.998912647585303    
1    0.10058529349161854    0.0    0.998912647585303    
1    0.10058529349161854    0.0    0.998912647585303    
1    0.10058529349161854    0.0    0.998912647585303    
1    0.10058529349161854    0.0    0.998912647585303    
1    0.10058529349161854    0.0    0.998912647585303    
1    0.10058529349161854    0.0    0.998912647585303    
1    0.10058529349161854    0.0    0.998912647585303    
1    0.10058529349161854    0.0    0.998912647585303    
1    0.10058529349161854    0.0    0.998912647585303    
1    0.10058529349161854    0.0    0.998912647585303    
1    0.10058529349161854    0.0    0.998912647585303    
1    0.10058529349161854    0.0    0.998912647585303    
1    0.10058529349161854    0.0    0.998912647585303    
1    0.10058529349161854    0.0    0.998912647585303    
1    0.10058529349161854    0.0    0.998912647585303    
1    0.10058529349161854    0.0    0.998912647585303    
2    1.5632435593516891    0.0    0.9989084266362387    
