

disponibilidade ordenado
0.9945053170617072
0.9945053170617072
0.9945053170617072
0.9954028420943066
0.9954028420943066
0.9954028420943066
0.9954028420943066
0.9954028420943066
0.9954028420943066
0.9954028420943066
0.9954028420943066
0.9954028420943066
0.9954028420943066
0.9954028420943066
0.9954028420943066
0.9954028420943066
0.9954028420943066
0.9954028420943066
0.9954028420943066


custo ordenado
0.0
0.0
0.0
0.0
0.0
0.0
0.0
0.0
0.0
0.0
0.0
0.0
0.0
0.0
0.0
0.0
0.0
0.0
0.0


exergia ordenado
1.9311014410838505
1.9311014410838505
1.9311014410838505
2.2076624335942423
2.2076624335942423
2.2076624335942423
2.2076624335942423
2.2076624335942423
2.2076624335942423
2.2076624335942423
2.2076624335942423
2.2076624335942423
2.2076624335942423
2.2076624335942423
2.2076624335942423
2.2076624335942423
2.2076624335942423
2.2076624335942423
2.2076624335942423
---------------------------
crowd
NaN
1.7976931348623157E308
NaN
NaN
NaN
1.7976931348623157E308
NaN
NaN
NaN
1.7976931348623157E308
NaN
NaN
NaN
NaN
NaN
NaN
NaN
NaN
NaN
