

disponibilidade ordenado
0.9993507387002367
0.9993508178181162
0.999350817913296
0.9993515590574447
0.9993515592769407
0.9993566291445365
0.9993566291447662
0.9993574495065799
0.9993652821927168
0.9993661025618634
0.9994426504518651
0.9994426506716108
0.9994427295771967
0.9994434708842926
0.9994434710088912
0.9994442932342706
0.9994450346671251
0.9994485414379176
0.9994493618751811
0.9994493618751811
0.9994501841348171
0.9994501841349926
0.9994532763084328
0.9994544673502844
0.9994544674747088
0.9994545464765519
0.9994545465717002
0.999455287792642
0.9994552880121611
0.9994552880121611
0.9994571952819314
0.999460358405989
0.9994603585304142
0.9994604375327226
0.9994611788531825
0.9994611788531825
0.9994611790727029
0.9994635297378855
0.9994635298624869
0.9994635298624869
0.9994636089598853
0.9994643504072035
0.9994690123523214
0.9994690123523214
0.9994690915748901
0.9994698328066189
0.9994698328066189
0.9994698329308156
0.9994698330549608
0.9994703423300455
0.9994703424544719
0.9994703424544719
0.9994703424544719
0.9994703424546476
0.9994703424546476
0.9994703425496629
0.9994703425496629
0.9994703425779058
0.9994703425780288
0.9994703425780288
0.9994703425784952
0.9994703425784952
0.9994703425784952
0.9994703425786172
0.9994703425786172
0.9994703425786172
0.9994703426041088
0.9994703426041088
0.9994703426041088
0.9994703426041088
0.9994703426042199
0.9994703426042199
0.9994703426042199
0.9994703426042199
0.999470342604645
0.999470342604645
0.999470342604645
0.999470342604645
0.9994703426047558
0.9994703426047558


custo ordenado
28580.167317261712
28586.127396247008
28603.206109211587
28608.111403060124
28608.935186808452
28640.82879238825
28646.201357984803
28654.219464834467
28659.35484206816
28677.277126125096
28677.277126125096
28682.1720967037
28719.452874095234
28767.16592603129
28898.877326209473
28904.66437514138
28909.233735996924
28922.24995551735
28922.24995551735
28927.803428004743
28932.06515472901
28960.387860810577
28960.387860810577
28965.580847129364
28965.580847129364
28981.632725918644
28990.030375381673
29026.20609013604
29027.033399250347
29088.640134709527
29137.525890904253
29183.21176514452
29188.347795797796
29205.702189080883
29216.568428758183
29226.42647502869
29233.635884885887
29237.770282873964
29248.84878448995
29266.784177765898
29266.784177765898
29283.49175274843
29362.99792415995
29362.99792415995
29363.867282995616
29363.867282995616
29363.867282995616
29455.267138088955
29455.267138088955
29477.332018114168
29505.061000519643
29539.046126446905
29562.508174489685
29589.245679904645
29639.094431209218
29639.094431209218
34628.78405232903
34628.78405232903
34629.65341116489
35001.104517680564
35127.79147118323
35127.79147118323
35127.79147118323
35128.66083001909
35128.66083001909
35128.66083001909
40118.35045113763
40118.35045113763
40118.35045113763
40118.35045113763
40119.21980997352
40119.21980997352
40119.21980997352
40119.21980997352
40617.357869991094
40617.357869991094
40618.22722882699
40618.22722882699
40618.22722882699
40618.22722882699


exergia ordenado
0.48534821210261986
0.5482234693821795
0.6780974947610714
0.750381859647452
0.7745017511414884
0.8725078679203954
0.884055719369248
0.939482829260812
1.0368640384013936
1.0368640384013936
1.1475222405746088
1.1659772157379977
1.2131318351028935
1.3126418535380635
1.318764136117393
1.339329651133441
1.4269717724409299
1.4587698301364378
1.464459522869178
1.5325270853806239
1.533097408036695
1.5580061511283305
1.6053915195743822
1.6058625021432444
1.6132106703023985
1.7068145558344574
1.7124726404250739
1.713062407017547
1.75675537407371
1.7991148696681367
1.7991148696681367
1.8277281199816249
1.9299724562424299
1.930585722530433
1.930585722530433
2.003959846941764
2.098459599565482
2.194238059938962
2.2296055975367195
2.2296055975367195
2.315165217468466
2.321606863800733
2.433550113703217
2.5433739343525477
2.619094421702324
2.619094421702324
2.6309356584811665
2.801683780859335
2.801683780859335
2.8498472920546347
2.8498472920546347
3.2238256408896233
3.2238256408896233
3.2238256408896233
3.2298923479882147
3.2298923479882147
3.42079221317502
3.42079221317502
3.42079221317502
3.4268589202742143
3.4268589202742143
3.4268589202742143
3.6459675007328527
3.650759847441631
3.656826554540854
3.656826554540854
4.039900645515582
4.039900645515582
4.039900645515582
4.039900645515582
4.045967352614966
4.045967352614966
4.2698682797880725
4.2698682797880725
4.2698682797880725
4.2698682797880725
4.27593498688748
4.27593498688748
4.27593498688748
4.27593498688748
---------------------------
crowd
0.0
0.0
3.554268548660157E-9
7.221752026921417E-5
7.222141986331606E-5
0.001600466487072674
0.0016004700413473148
0.0016015068070655216
0.0016726840073664148
0.0016726850274550325
0.0016726879068928579
0.005068638399727942
0.00511965506311645
0.0074432673068575515
0.008205827751923545
0.0089831585460481
0.009597725471494345
0.010523868001433692
0.012665850256552565
0.01313850233512778
0.014013385395915462
0.016609744415213637
0.016847806677470656
0.019387674670668854
0.021950941074998696
0.023034764629491146
0.023444615576340554
0.026557518921557617
0.027705351506868793
0.028340853118189888
0.031024712320337405
0.03328468193593441
0.03373145245519413
0.03379358977284032
0.041380474045809676
0.041768935656507244
0.043542908404191824
0.04357514127445758
0.04364392381407664
0.046972372766665965
0.04838529127364939
0.05036156151961303
0.05043377948915516
0.051365311794979024
0.052142833030031546
0.053232582968340145
0.055301635026530946
0.05780355427225875
0.05795530381616246
0.05906761775805173
0.059139835276483484
0.059385510095583516
0.059770491000411555
0.07129308364988017
0.07155009210075577
0.07250526727877281
0.07439778927379559
0.07567924285899652
0.07658182308450523
0.07677384280887105
0.08068492417293861
0.09380846703230122
0.09773094277024591
0.10091399416873217
0.10113152937220328
0.10130875384072605
0.1062523263973865
0.10720990211987025
0.41449283836216944
0.4160933048491921
0.45953837553611165
0.515552151242691
0.6489694102562713
0.6989150800856507
1.7976931348623157E308
1.7976931348623157E308
1.7976931348623157E308
1.7976931348623157E308
1.7976931348623157E308
1.7976931348623157E308
