rank iniciais
1    1.7896288017453164    0.0    0.9988990145745755    
1    2.1382940427240227    0.0    0.9994212696444656    
1    1.942005738221224    0.0    0.9994152319859388    
2    2.653422865490299    0.0    0.9993833387364964    
2    2.1333199491628525    0.0    0.9993789200192397    
3    2.2705970652650276    0.0    0.998887869877998    
3    3.1370334454240076    0.0    0.9993332320515792    
3    3.707023577254104    0.0    0.9993366773805982    
3    2.624350460568086    0.0    0.9988986341722663    
4    3.5997097897890504    0.0    0.9993281527966885    


geracao 1
1    1.5552961508474206    0.0    0.9994224327965101    
1    1.5552961508474206    0.0    0.9994224327965101    
2    1.7896288017453164    0.0    0.9988990145745755    
2    2.1382940427240227    0.0    0.9994212696444656    
2    1.942005738221224    0.0    0.9994152319859388    
2    1.7896288017453164    0.0    0.9988990145745755    
2    1.942005738221224    0.0    0.9994152319859388    
2    1.9844231287229839    0.0    0.9994162482196702    
2    1.942005738221224    0.0    0.9994152319859388    
2    1.942005738221224    0.0    0.9994152319859388    


geracao 2
1    1.5082341446037033    0.0    0.9994273988114205    
2    1.5552961508474206    0.0    0.9994224327965101    
2    1.5552961508474206    0.0    0.9994224327965101    
2    1.5552961508474206    0.0    0.9994224327965101    
2    1.5552961508474206    0.0    0.9994224327965101    
3    1.942005738221224    0.0    0.9994152319859388    
3    1.942005738221224    0.0    0.9994152319859388    
3    1.942005738221224    0.0    0.9994152319859388    
3    1.942005738221224    0.0    0.9994152319859388    
3    1.7896288017453164    0.0    0.9988990145745755    


geracao 3
1    1.5082341446037033    0.0    0.9994273988114205    
1    1.5082341446037033    0.0    0.9994273988114205    
1    1.468221848729308    0.0    0.9994209231526477    
1    1.5082341446037033    0.0    0.9994273988114205    
1    1.5082341446037033    0.0    0.9994273988114205    
2    1.5552961508474206    0.0    0.9994224327965101    
2    1.5552961508474206    0.0    0.9994224327965101    
2    1.5552961508474206    0.0    0.9994224327965101    
2    1.5552961508474206    0.0    0.9994224327965101    
2    1.5552961508474206    0.0    0.9994224327965101    


geracao 4
1    1.5082341446037033    0.0    0.9994273988114205    
1    1.5082341446037033    0.0    0.9994273988114205    
1    1.5082341446037033    0.0    0.9994273988114205    
1    1.5082341446037033    0.0    0.9994273988114205    
1    1.5082341446037033    0.0    0.9994273988114205    
1    1.468221848729308    0.0    0.9994209231526477    
1    1.5082341446037033    0.0    0.9994273988114205    
1    1.5082341446037033    0.0    0.9994273988114205    
1    1.5082341446037033    0.0    0.9994273988114205    
1    1.5082341446037033    0.0    0.9994273988114205    


geracao 5
1    1.5082341446037033    0.0    0.9994273988114205    
1    1.5082341446037033    0.0    0.9994273988114205    
1    1.5082341446037033    0.0    0.9994273988114205    
1    1.5082341446037033    0.0    0.9994273988114205    
1    1.5082341446037033    0.0    0.9994273988114205    
1    1.468221848729308    0.0    0.9994209231526477    
1    1.468221848729308    0.0    0.9994209231526477    
1    1.468221848729308    0.0    0.9994209231526477    
1    1.468221848729308    0.0    0.9994209231526477    
1    1.468221848729308    0.0    0.9994209231526477    


geracao 6
1    1.468221848729308    0.0    0.9994209231526477    
1    1.468221848729308    0.0    0.9994209231526477    
1    1.468221848729308    0.0    0.9994209231526477    
1    1.468221848729308    0.0    0.9994209231526477    
1    1.468221848729308    0.0    0.9994209231526477    
1    1.468221848729308    0.0    0.9994209231526477    
1    1.468221848729308    0.0    0.9994209231526477    
1    1.468221848729308    0.0    0.9994209231526477    
1    1.468221848729308    0.0    0.9994209231526477    
1    1.468221848729308    0.0    0.9994209231526477    


geracao 7
1    1.468221848729308    0.0    0.9994209231526477    
1    1.468221848729308    0.0    0.9994209231526477    
1    1.468221848729308    0.0    0.9994209231526477    
1    1.468221848729308    0.0    0.9994209231526477    
1    1.468221848729308    0.0    0.9994209231526477    
1    1.468221848729308    0.0    0.9994209231526477    
1    1.468221848729308    0.0    0.9994209231526477    
1    1.468221848729308    0.0    0.9994209231526477    
1    1.468221848729308    0.0    0.9994209231526477    
1    1.468221848729308    0.0    0.9994209231526477    


geracao 8
1    1.468221848729308    0.0    0.9994209231526477    
1    1.468221848729308    0.0    0.9994209231526477    
1    1.468221848729308    0.0    0.9994209231526477    
1    1.468221848729308    0.0    0.9994209231526477    
1    1.468221848729308    0.0    0.9994209231526477    
1    1.468221848729308    0.0    0.9994209231526477    
1    1.468221848729308    0.0    0.9994209231526477    
1    1.468221848729308    0.0    0.9994209231526477    
1    1.468221848729308    0.0    0.9994209231526477    
1    1.468221848729308    0.0    0.9994209231526477    


geracao 9
1    1.468221848729308    0.0    0.9994209231526477    
1    1.468221848729308    0.0    0.9994209231526477    
1    1.468221848729308    0.0    0.9994209231526477    
1    1.468221848729308    0.0    0.9994209231526477    
1    1.468221848729308    0.0    0.9994209231526477    
1    1.468221848729308    0.0    0.9994209231526477    
1    1.468221848729308    0.0    0.9994209231526477    
1    1.468221848729308    0.0    0.9994209231526477    
1    1.468221848729308    0.0    0.9994209231526477    
1    1.468221848729308    0.0    0.9994209231526477    


geracao 10
1    1.468221848729308    0.0    0.9994209231526477    
1    1.468221848729308    0.0    0.9994209231526477    
1    1.468221848729308    0.0    0.9994209231526477    
1    1.468221848729308    0.0    0.9994209231526477    
1    1.468221848729308    0.0    0.9994209231526477    
1    1.468221848729308    0.0    0.9994209231526477    
1    1.468221848729308    0.0    0.9994209231526477    
1    1.468221848729308    0.0    0.9994209231526477    
1    1.468221848729308    0.0    0.9994209231526477    
1    1.468221848729308    0.0    0.9994209231526477    
