rank iniciais
1    3.8059721618065274    0.0    0.9945182687120905    
1    5.386411389411974    0.0    0.994824383023872    
2    4.7976219450118425    0.0    0.9938734550869737    
2    6.870484247949651    0.0    0.9944937604418721    
3    5.8832208823130765    0.0    0.9913139539144422    
3    8.15370558767936    0.0    0.9943247601280655    
3    6.950198526896726    0.0    0.9921989381171974    
3    8.020229516544699    0.0    0.9937476675605306    
4    10.716622911562304    0.0    0.9939619600491989    
5    11.06554211545182    0.0    0.9912526098738751    


geracao 1
1    3.8059721618065274    0.0    0.9945182687120905    
1    4.55227303985085    0.0    0.9945616131967835    
1    3.529190270024668    0.0    0.9912736189208423    
1    4.802819370466594    0.0    0.9949501516782175    
1    4.615185243995585    0.0    0.9948952314798163    
2    4.7976219450118425    0.0    0.9938734550869737    
2    5.386411389411974    0.0    0.994824383023872    
3    6.870484247949651    0.0    0.9944937604418721    
3    5.366964981437447    0.0    0.9912327968235835    
3    8.194573192292133    0.0    0.9945043588590488    


geracao 2
1    4.802819370466594    0.0    0.9949501516782175    
1    2.173531684649446    0.0    0.9946089264611865    
1    4.256357163067195    0.0    0.9949213246811235    
1    3.8073812839706926    0.0    0.9948864789026883    
2    4.615185243995585    0.0    0.9948952314798163    
2    3.0120761070182374    0.0    0.9945896162903823    
3    5.386411389411974    0.0    0.994824383023872    
3    3.5409833897765703    0.0    0.994586052538867    
3    3.2189045071455435    0.0    0.9940401347078108    
4    6.629442185276284    0.0    0.9947649389643162    


geracao 3
1    2.173531684649446    0.0    0.9946089264611865    
1    3.0128732624795735    0.0    0.9948528375757165    
1    4.43584947433286    0.0    0.99498794515319    
1    5.335486098225562    0.0    0.9952262377450263    
1    3.8229425256166665    0.0    0.994963528563393    
1    3.698308291336235    0.0    0.994912904591972    
2    3.8073812839706926    0.0    0.9948864789026883    
2    3.0120761070182374    0.0    0.9945896162903823    
2    2.787955179021693    0.0    0.9945771208722878    
2    4.165376213791188    0.0    0.9949513096266605    


geracao 4
1    2.173531684649446    0.0    0.9946089264611865    
1    3.0128732624795735    0.0    0.9948528375757165    
1    3.8229425256166665    0.0    0.994963528563393    
1    3.698308291336235    0.0    0.994912904591972    
1    3.8229425256166665    0.0    0.994963528563393    
1    3.8229425256166665    0.0    0.994963528563393    
1    4.142681140133569    0.0    0.9952857093703628    
1    3.8229425256166665    0.0    0.994963528563393    
2    3.8073812839706926    0.0    0.9948864789026883    
2    4.165376213791188    0.0    0.9949513096266605    


geracao 5
1    3.698308291336235    0.0    0.994912904591972    
1    3.8227615426815786    0.0    0.9949164257313471    
1    3.698308291336235    0.0    0.994912904591972    
1    3.8229425256166665    0.0    0.994963528563393    
1    3.8229425256166665    0.0    0.994963528563393    
1    2.1741069166791975    0.0    0.9948721528570185    
1    3.698308291336235    0.0    0.994912904591972    
1    3.698308291336235    0.0    0.994912904591972    
1    2.173531684649446    0.0    0.9946089264611865    
1    4.142681140133569    0.0    0.9952857093703628    


geracao 6
1    4.142681140133569    0.0    0.9952857093703628    
1    1.3874132284154117    0.0    0.994960234568002    
1    3.301830741572994    0.0    0.9949947691077511    
1    1.5892542412207398    0.0    0.9949618439285246    
1    1.8212197917442152    0.0    0.9949662412192806    
2    3.698308291336235    0.0    0.994912904591972    
2    3.698308291336235    0.0    0.994912904591972    
2    3.698308291336235    0.0    0.994912904591972    
2    2.1741069166791975    0.0    0.9948721528570185    
2    2.173531684649446    0.0    0.9946089264611865    


geracao 7
1    4.142681140133569    0.0    0.9952857093703628    
1    1.3874132284154117    0.0    0.994960234568002    
1    3.301830741572994    0.0    0.9949947691077511    
1    1.5892542412207398    0.0    0.9949618439285246    
1    1.8212197917442152    0.0    0.9949662412192806    
1    3.301830741572994    0.0    0.9949947691077511    
1    4.142681140133569    0.0    0.9952857093703628    
1    4.211548685391617    0.0    0.9953371977795463    
1    1.347751471715696    0.0    0.9949537878536341    
1    3.301830741572994    0.0    0.9949947691077511    


geracao 8
1    4.142681140133569    0.0    0.9952857093703628    
1    4.142681140133569    0.0    0.9952857093703628    
1    4.211548685391617    0.0    0.9953371977795463    
1    1.0622837194287602    0.0    0.9949980284259761    
1    3.996890116507052    0.0    0.9950082395194891    
1    4.397151632111743    0.0    0.9953372286159395    
2    1.8212197917442152    0.0    0.9949662412192806    
2    1.6518937588963118    0.0    0.9949662103943807    
2    1.8212197917442152    0.0    0.9949662412192806    
2    1.3874132284154117    0.0    0.994960234568002    


geracao 9
1    4.211548685391617    0.0    0.9953371977795463    
1    1.0622837194287602    0.0    0.9949980284259761    
1    4.397151632111743    0.0    0.9953372286159395    
1    3.6156654399135975    0.0    0.9953169600307739    
1    4.211548685391617    0.0    0.9953371977795463    
1    1.5654772574672386    0.0    0.9950486157852757    
1    1.0622837194287602    0.0    0.9949980284259761    
2    1.8212197917442152    0.0    0.9949662412192806    
2    1.8212197917442152    0.0    0.9949662412192806    
2    3.7211922175461623    0.0    0.9949729658973536    


geracao 10
1    1.0622837194287602    0.0    0.9949980284259761    
1    3.6156654399135975    0.0    0.9953169600307739    
1    1.5654772574672386    0.0    0.9950486157852757    
1    1.0622837194287602    0.0    0.9949980284259761    
1    1.0622837194287602    0.0    0.9949980284259761    
1    3.615836618193044    0.0    0.9953640818255178    
1    1.5654772574672386    0.0    0.9950486157852757    
1    1.0622837194287602    0.0    0.9949980284259761    
2    4.211349305349349    0.0    0.995290077257527    
2    3.7211922175461623    0.0    0.9949729658973536    
