rank - op_exegergy - total_cost - availability
1    0.23429468841950926    16574.24842141668    0.9994200087796523    
1    4.715487532334781    21950.631283828785    0.9994468221260517    
1    1.4356338899237602    16337.510191753154    0.9993827922585767    
1    4.0410028765305634    22400.248568295523    0.9994470527633414    
1    1.4356338899237602    16337.510191753154    0.9993827922585767    
1    3.0125955071467985    21724.319608558613    0.9994368384369435    
1    2.225157911485909    16777.679947733814    0.9994358042118937    
1    2.666257990778806    16437.49442149587    0.99939815661276    
1    0.2852184416617782    16531.922037279077    0.999419929780715    
1    2.5994147536351364    22181.68353314014    0.9994378894997754    
1    4.0410028765305634    22400.248568295523    0.9994470527633414    
1    4.715487532334781    21950.631283828785    0.9994468221260517    
1    0.491188398442291    16533.52046119292    0.9994207501944916    
1    2.442843090372886    16433.957670564472    0.9993973362175304    
1    2.0501191653872173    16377.606836480194    0.9993895032799351    
1    0.8731623680408362    16569.06964391724    0.9994266410514581    
1    1.2489195814255618    16623.535288638646    0.9994344742801289    
1    3.6505433888525265    21786.630423201244    0.9994454921796255    
1    3.2406262662542242    21728.369232769866    0.9994376588646002    
1    0.664126831632969    16567.13060003126    0.9994258206328458    
1    3.5928902661897286    21828.20909963111    0.9994455711805835    
1    1.8316489922075898    16374.619499704939    0.9993886828918089    
1    1.6509001349001065    16340.141536492283    0.9993836126418674    
1    1.1960684285975913    16665.647517269943    0.9994345532802158    
1    1.4626863271762232    16626.00002247149    0.9994352947058448    
1    0.8731623680408362    16569.06964391724    0.9994266410514581    
1    2.943728358972345    22280.64002282891    0.9994458018175846    
1    2.666257990778806    16437.49442149587    0.99939815661276    
1    2.225157911485909    16777.679947733814    0.9994358042118937    
1    1.7776351323870785    16416.602538660263    0.9993887618882763    
1    3.8837352435002015    21791.253502492415    0.999446312614386    
1    1.3824120548599141    16379.581233457917    0.9993828712545785    
1    0.8731623680408362    16569.06964391724    0.9994266410514581    
1    2.3765280716976616    22178.20547305835    0.9994370690719295    
1    3.228012425463253    22242.95543559963    0.9994465432515581    
1    3.6505433888525265    21786.630423201244    0.9994454921796255    
1    2.3214224317344607    22220.067203119645    0.9994371480722216    
1    0.664126831632969    16567.13060003126    0.9994258206328458    
1    2.0501191653872173    16377.606836480194    0.9993895032799351    
1    1.8316489922075898    16374.619499704939    0.9993886828918089    
1    2.0501191653872173    16377.606836480194    0.9993895032799351    
1    0.2852184416617782    16531.922037279077    0.999419929780715    
1    3.8837352435002015    21791.253502492415    0.999446312614386    
1    2.943728358972345    22280.64002282891    0.9994458018175846    
1    1.6509001349001065    16340.141536492283    0.9993836126418674    
1    4.715487532334781    21950.631283828785    0.9994468221260517    
1    3.5928902661897286    21828.20909963111    0.9994455711805835    
1    2.442843090372886    16433.957670564472    0.9993973362175304    
1    4.0410028765305634    22400.248568295523    0.9994470527633414    
1    0.491188398442291    16533.52046119292    0.9994207501944916    
1    1.4356338899237602    16337.510191753154    0.9993827922585767    
1    3.0000810650331418    22238.916855665437    0.9994457228166085    
1    2.9562182293722206    21766.040045529702    0.9994369174372175    
1    0.491188398442291    16533.52046119292    0.9994207501944916    
1    1.7776351323870785    16416.602538660263    0.9993887618882763    
1    1.4356338899237602    16337.510191753154    0.9993827922585767    
1    1.4626863271762232    16626.00002247149    0.9994352947058448    
1    2.666257990778806    16437.49442149587    0.99939815661276    
1    2.225157911485909    16777.679947733814    0.9994358042118937    
1    3.8837352435002015    21791.253502492415    0.999446312614386    
1    2.5994147536351364    22181.68353314014    0.9994378894997754    
1    0.491188398442291    16533.52046119292    0.9994207501944916    
1    2.442843090372886    16433.957670564472    0.9993973362175304    
1    1.4356338899237602    16337.510191753154    0.9993827922585767    
1    0.6124452539919818    16609.3727814592    0.9994258996322488    
1    2.0501191653872173    16377.606836480194    0.9993895032799351    
1    0.2852184416617782    16531.922037279077    0.999419929780715    
1    2.442843090372886    16433.957670564472    0.9993973362175304    
1    1.1960684285975913    16665.647517269943    0.9994345532802158    
1    4.0410028765305634    22400.248568295523    0.9994470527633414    
1    1.1960684285975913    16665.647517269943    0.9994345532802158    
1    1.2489195814255618    16623.535288638646    0.9994344742801289    
1    4.715487532334781    21950.631283828785    0.9994468221260517    
1    0.2852184416617782    16531.922037279077    0.999419929780715    
1    2.666257990778806    16437.49442149587    0.99939815661276    
1    2.666257990778806    16437.49442149587    0.99939815661276    
1    3.2406262662542242    21728.369232769866    0.9994376588646002    
1    2.9562182293722206    21766.040045529702    0.9994369174372175    
1    2.442843090372886    16433.957670564472    0.9993973362175304    
1    1.4356338899237602    16337.510191753154    0.9993827922585767    
1    1.8316489922075898    16374.619499704939    0.9993886828918089    
1    0.8731623680408362    16569.06964391724    0.9994266410514581    
1    0.23429468841950926    16574.24842141668    0.9994200087796523    
1    0.491188398442291    16533.52046119292    0.9994207501944916    
1    1.4626863271762232    16626.00002247149    0.9994352947058448    
1    1.2489195814255618    16623.535288638646    0.9994344742801289    
1    1.6509001349001065    16340.141536492283    0.9993836126418674    
1    4.0410028765305634    22400.248568295523    0.9994470527633414    
1    4.0410028765305634    22400.248568295523    0.9994470527633414    
2    0.809131603925306    16555.244513827867    0.9994182975473075    
2    4.053971227550906    21885.701755478563    0.9994381683718544    
2    1.9725050431226858    22140.206394720106    0.9994311781534977    
2    3.6814744594665965    16819.860864909366    0.999434283521623    
2    2.975463399164518    22297.319945578714    0.9994325080808765    
2    2.192123033591461    22143.32126684739    0.9994319985765079    
3    4.085330878518636    16918.979817455966    0.9994269597959874    
3    3.3598711162602197    17719.991279803533    0.9993666441327314    
3    3.0790168208081807    16728.321177246933    0.9992425157536509    
4    4.301303683029334    22598.60237533694    0.9992995473359879    
4    5.584770023443039    17203.701643086955    0.999136376330876    
