

disponibilidade ordenado
0.9948404405957164
0.9948404405957164
0.9948404405957164
0.9948404405957164
0.9948404405957164
0.9948404405957164
0.9948404405957164
0.9948404405957164
0.9948404405957164
0.9948404405957164
0.9948404405957164
0.9948404405957164
0.9948404405957164
0.9948404405957164
0.9948404405957164
0.9948404405957164
0.9948404405957164
0.9948404405957164
0.9948404405957164
0.9948404405957164


custo ordenado
0.0
0.0
0.0
0.0
0.0
0.0
0.0
0.0
0.0
0.0
0.0
0.0
0.0
0.0
0.0
0.0
0.0
0.0
0.0
0.0


exergia ordenado
53.27121630574651
53.27121630574651
53.27121630574651
53.27121630574651
53.27121630574651
53.27121630574651
53.27121630574651
53.27121630574651
53.27121630574651
53.27121630574651
53.27121630574651
53.27121630574651
53.27121630574651
53.27121630574651
53.27121630574651
53.27121630574651
53.27121630574651
53.27121630574651
53.27121630574651
53.27121630574651
---------------------------
crowd
NaN
NaN
NaN
NaN
NaN
1.7976931348623157E308
NaN
NaN
NaN
1.7976931348623157E308
NaN
NaN
NaN
NaN
NaN
NaN
NaN
NaN
NaN
NaN
