rank - op_exegergy - total_cost - availability
1    0.5365910385323251    30188.20840873683    0.9994427153544888    
1    5.398380906880197    40726.78567608907    0.9994703307757419    
1    4.708478012459641    41699.24855550534    0.9994703308264039    
1    1.7522978122601753    29631.038732863686    0.9994426259892556    
1    4.708478012459641    41699.24855550534    0.9994703308264039    
1    4.124766817165571    35689.05580133235    0.9994703295643631    
1    2.851152730191817    30651.32592654015    0.9994703282315465    
1    5.398380906880197    40726.78567608907    0.9994703307757419    
1    3.7798153703595596    36175.2872410926    0.9994703295922628    
1    3.073908239465156    29986.1391776793    0.9994689878890668    
1    1.6547606912501618    30507.895042492277    0.9994643360890384    
1    4.708478012459641    41699.24855550534    0.9994703308264039    
1    2.153047979352609    29668.674160115028    0.999448516975164    
1    0.9856592641499954    30176.896993389328    0.9994450203493711    
1    2.6421003164805748    29994.62294469439    0.9994635052747651    
1    3.484365495964688    30399.55108877612    0.9994703237390182    
1    2.3114388540680246    30055.881078639894    0.9994588192778162    
1    5.053429459678797    41213.01711579827    0.9994703308010996    
1    4.015053148044459    29920.72889481895    0.9994600643676664    
1    3.165308542943876    29785.900237384503    0.9994564130171639    
1    1.5098284097367118    30280.88124229605    0.9994572601854997    
1    2.0436183806205572    29887.12717834885    0.9994544428873857    
1    1.4682329289634577    30439.279593194708    0.9994611647545832    
1    2.374129623935227    29671.951660517036    0.9994493374124074    
1    3.202775414430824    29763.514952932666    0.9994595548492499    
1    2.5747289951815575    29702.304300444266    0.9994509009848056    
1    2.5669974304664525    29741.271559070025    0.9994525087093338    
1    5.053429459678797    41213.01711579827    0.9994703308010996    
1    1.7786011363968022    29927.913644170018    0.999449343284544    
1    1.3089654599736598    29959.95979802937    0.9994442744241162    
1    0.5365910385323251    30188.20840873683    0.9994427153544888    
1    1.967299683758095    29996.770291704175    0.9994525145814892    
1    1.8912887573857855    30065.66015984476    0.9994533367192947    
1    0.7238119054824178    30217.074548157696    0.9994442789165273    
1    4.124766817165571    35689.05580133235    0.9994703295643631    
1    0.9856592641499954    30176.896993389328    0.9994450203493711    
1    1.0775201506651637    30402.7594311562    0.9994552736941258    
1    2.2609504360401935    30253.11764684134    0.9994643315965371    
1    1.386213631218093    30547.328185957802    0.9994635946418652    
1    3.3024414098938615    29990.24462544459    0.9994698083431146    
1    1.7985281286792274    30536.678482774812    0.9994690772566571    
1    1.1019310732724716    30292.021741326866    0.9994517776355307    
1    3.7798153703595596    36175.2872410926    0.9994703295922628    
1    3.3024414098938615    29990.24462544459    0.9994698083431146    
1    1.375001112830232    30213.264829745498    0.9994509113493926    
1    1.8912887573857855    30065.66015984476    0.9994533367192947    
1    1.7494811929289864    29993.855363934148    0.9994516941416377    
1    0.7965457893780781    30147.820564207235    0.9994434567861727    
1    1.4682329289634577    30439.279593194708    0.9994611647545832    
1    3.7798153703595596    36175.2872410926    0.9994703295922628    
1    2.851152730191817    30651.32592654015    0.9994703282315465    
1    4.124766817165571    35689.05580133235    0.9994703295643631    
1    1.7786011363968022    29927.913644170018    0.999449343284544    
1    0.7238119054824178    30217.074548157696    0.9994442789165273    
1    1.7786011363968022    29927.913644170018    0.999449343284544    
1    0.9856592641499954    30176.896993389328    0.9994450203493711    
1    2.3114388540680246    30055.881078639894    0.9994588192778162    
1    2.3114388540680246    30055.881078639894    0.9994588192778162    
1    2.6421003164805748    29994.62294469439    0.9994635052747651    
1    2.5669974304664525    29741.271559070025    0.9994525087093338    
1    1.3620432636092965    29917.872752818992    0.9994441954232608    
1    2.407967450782202    30282.2621512697    0.9994690727641345    
1    2.2638162331665725    29890.306479649294    0.9994552633294937    
1    3.073908239465156    29986.1391776793    0.9994689878890668    
1    1.9483690139529861    29660.88824281113    0.9994441895511542    
1    2.7690014619366288    29771.780272369353    0.9994540722866934    
1    1.6956284313168442    30035.85630270435    0.9994517731430858    
1    2.589335792718981    30017.48681056655    0.9994595607214467    
1    2.4632480730182675    30240.419863676107    0.9994689937613189    
1    2.112740941337709    30025.73971184642    0.9994572556930301    
1    3.7798153703595596    36175.2872410926    0.9994703295922628    
1    5.053429459678797    41213.01711579827    0.9994703308010996    
1    4.708478012459641    41699.24855550534    0.9994703308264039    
1    4.124766817165571    35689.05580133235    0.9994703295643631    
1    1.1830726402272869    30183.875623000822    0.9994493477769781    
1    1.6547606912501618    30507.895042492277    0.9994643360890384    
1    2.407967450782202    30282.2621512697    0.9994690727641345    
1    2.4632480730182675    30240.419863676107    0.9994689937613189    
1    4.117578250360928    30147.776245884776    0.9994703178667583    
2    0.9070667284663678    31921.97872855453    0.999442702883193    
2    1.3885681729895154    35703.64911154356    0.9994427167151675    
2    3.9250288235624042    35277.77001995104    0.9994698159575177    
2    3.046283452820213    30407.337731308482    0.9994648411173888    
2    1.6759512337184062    35959.300056183776    0.9994545336143704    
2    3.1776109621318827    30141.74775771273    0.9994585066531231    
2    4.413028134665434    35923.51240433569    0.9994703255176337    
2    2.0983619474414366    30484.193938426684    0.9990317532203211    
2    3.3610787552266657    29896.463677740314    0.9994530182241583    
2    2.1649379138378095    30026.793915960145    0.9994540781588581    
2    2.543791667654413    36027.45283884875    0.9994643374497465    
2    3.26484238434146    30012.61522602112    0.9994666664787965    
3    3.283670241541275    35598.05205218458    0.9994648412520177    
3    3.3840613631593657    30172.75051210025    0.9994600702398663    
3    3.052633547095405    35210.69662093634    0.9994603415572771    
3    2.0238935138429532    35404.12442656715    0.999442633639919    
3    2.613163160210281    30898.761132865577    0.9993174165473733    
3    2.1745045513407195    35205.20811264999    0.9994450216821539    
3    3.6645684599140136    30153.7266723435    0.9994377203425774    
4    3.4698967138921555    35917.13234084739    0.9994585125062986    
5    6.426878308347698    41914.010705610635    0.9994060810681599    
