

disponibilidade ordenado
0.9999996190546039
0.9999996190546039
0.9999996200666247
0.9999996200666247
0.9999996236975396
0.999999625195184
0.999999625195184
0.999999628031248
0.9999996282782357
0.9999996290313445
0.9999996320828409
0.9999996340388928
0.9999996344038441
0.999999636843974
0.9999996380911687
0.9999996380911687
0.9999996419761701
0.9999996419761701
0.9999996419761701
0.9999996454414444
0.9999996458946839
0.9999996477564765
0.9999996485434954
0.9999996508885743
0.9999996508885743
0.9999996509361194
0.9999996544339448
0.9999996563900694
0.999999656836289
0.9999996596725714
0.9999996599796322
0.9999996604424958
0.9999996604424958
0.9999996635185407
0.9999996636101843
0.9999996636101843
0.9999996636101843
0.9999996640401985
0.9999996644696628
0.9999996669356486
0.9999996692961264
0.9999996719553716
0.9999996728945681
0.9999996780119738
0.9999996780119738
0.9999996783612922
0.9999996809327708
0.9999996809327708
0.9999996816831127
0.9999996824429838
0.9999996839579546
0.9999996864115657
0.9999996864115657
0.9999996868755426
0.9999996872791477
0.999999687329802
0.9999996878993734
0.999999688029498
0.999999688638807
0.9999996887685036
0.9999996888961503
0.9999996890550231
0.9999996920722445
0.9999996920722445
0.9999996925210771
0.9999996932585429
0.999999693386433
0.9999996937123892
0.9999996939942398
0.9999996939942398
0.9999996939942398
0.9999996939942398
0.9999996941218232
0.9999996942493534
0.9999996942493534
0.9999996942493534


custo ordenado
29700.413496051387
29700.413496051387
29715.69647715189
29719.059257369714
29719.059257369714
29741.349528112456
29759.54253377098
29765.77737378231
29828.19269957178
29828.19269957178
29834.930084088915
29844.93962979416
29852.620545179383
29869.128731709494
29893.542777459097
29893.542777459097
29977.23911742596
29977.23911742596
29977.23911742596
29982.504049833475
30008.852267993403
30008.852267993403
30023.005873716465
30030.41789160868
30037.497700424152
30046.379196131827
30054.00588640825
30071.353922959883
30086.82844408727
30126.0337247416
30146.85189512382
30146.85189512382
30155.722019942525
30215.738906516402
30235.418970644972
30249.572575798884
30254.235740603737
30270.732556943127
30273.48261557302
30325.726207380565
30325.726207380565
30325.726207380565
30326.577426987915
30326.577426987915
30343.074243097915
30411.48224249681
30411.48224249681
30511.418224286583
35296.37608099443
35323.526081026794
35332.93292381839
35341.26023693806
35341.26023693806
35546.06225223195
35833.01659337609
35854.10075235667
35929.59872547004
36033.129481151285
40327.16958775826
40360.73244336107
40360.73244336107
40370.97421436729
40467.51293491558
40475.840247890315
40580.70628149478
40580.70628149478
40580.70628149478
40580.70628149478
40815.27970940248
40927.43016298175
40962.90747661182
41067.77351019526
41304.19616048262
41554.84073888601
41554.84073888601
41554.84073888601


exergia ordenado
0.23443057728176667
0.23443057728176667
0.23443057728176667
0.28538388838577705
0.36295174819903087
0.474946023335097
0.4914729192265569
0.6452752020548479
0.7675048790429426
0.8609519447198503
0.8609519447198503
0.8609519447198503
0.9774926126178389
1.0335996593464063
1.1621208282992466
1.2382497461956259
1.2598160720289238
1.2598160720289238
1.3540187897459808
1.4365199742744705
1.4365199742744705
1.4511466349582185
1.4766232901302014
1.4766232901302014
1.584462141619656
1.6519177288727982
1.6519177288727982
1.6661854269696619
1.7306454534309306
1.7380196065238178
1.7380196065238178
1.8097148065381798
1.8097148065381798
1.8516442419535144
1.8619912618412964
1.9001402980058475
1.940417634587298
1.9539138209321678
2.0289318780117505
2.1598901904243455
2.226413336207441
2.2503156832474995
2.3176872718290364
2.335364323991726
2.3529804576201063
2.4166804559206523
2.447138004942304
2.447138004942304
2.4510967533760315
2.4510967533760315
2.5677557395898187
2.6140786368398925
2.64595602361715
2.674698959001242
2.915337449934667
3.06654270165065
3.06654270165065
3.134825331546616
3.236123797375255
3.4722546784968924
3.564167109790798
3.6428429688696173
3.6525676437102605
3.8479024906432553
4.04323733790447
4.04323733790447
4.04323733790447
4.065966272990581
4.065966272990581
4.185331839317683
4.301990827091295
4.380666686846667
4.718096035702548
4.718096035702548
4.718096035702548
4.718096035702548
---------------------------
crowd
0.0012187497421725629
0.007786710844722789
0.011902172977491538
0.012594425048880059
0.017004546566201425
0.017154687349723058
0.019787833110999766
0.02005358475567844
0.021285799888125158
0.02392165233957738
0.02432968000929022
0.025727524892552513
0.02690643415815763
0.03283217255262294
0.034533622006924725
0.03806279284126296
0.038584523189862836
0.04938393830389261
0.04945686320616556
0.051665860389640016
0.05223719097216253
0.05303298242355382
0.05328717399868587
0.05427490274504232
0.05505474822272886
0.05533202064004684
0.055958562488129165
0.057238305627799885
0.0573701183876975
0.05820027518161186
0.05935121396642415
0.060495134598210154
0.06162776921335884
0.06293676301773596
0.06462077699437965
0.06640542424377403
0.06895454616864494
0.06957899446797111
0.07051878797973968
0.07141269810459941
0.07152943110291464
0.07364486367798054
0.07369779179476617
0.07425695118395591
0.07440776121981785
0.07525747671966776
0.07909741011050184
0.07913661270600486
0.08143589607872782
0.0822862174628785
0.08321780780176584
0.09190898509893794
0.0927424771323669
0.0944378065741335
0.09463594200186126
0.09805636716481289
0.10059681486399338
0.10392443530198875
0.10500627586639778
0.10686400894812373
0.10792830635812421
0.1208364622947977
0.12395213780299658
0.12498737732938932
0.13229135181400553
0.1354824913230146
0.41293667550697055
0.41861998837337117
0.452325156872319
0.4543221443531171
1.7976931348623157E308
1.7976931348623157E308
1.7976931348623157E308
1.7976931348623157E308
1.7976931348623157E308
1.7976931348623157E308
