rank iniciais
1    55.34556156934697    0.0    0.9966648160851715    
1    54.76281781702025    0.0    0.9964591408124517    
1    53.27121630574651    0.0    0.9948404405957164    
1    55.33975851717705    0.0    0.9965603145179337    
1    53.28470600338206    0.0    0.9950923608196178    
2    54.24319805254812    0.0    0.9940795540961755    
2    57.0198528472208    0.0    0.9954761269275357    
2    56.98820305496174    0.0    0.9949235717902832    
2    56.983678973970314    0.0    0.9948445885169431    
2    56.95963841954045    0.0    0.994424878594556    


geracao 1
1    55.33975851717705    0.0    0.9965603145179337    
1    54.757075866270235    0.0    0.9963546608105265    
1    55.33975851717705    0.0    0.9965603145179337    
1    53.28470600338206    0.0    0.9950923608196178    
1    53.288899307523856    0.0    0.9951706708119414    
1    53.27121630574651    0.0    0.9948404405957164    
1    55.34556156934697    0.0    0.9966648160851715    
1    55.34556156934697    0.0    0.9966648160851715    
1    55.341206426426496    0.0    0.996586388518538    
1    54.76281781702025    0.0    0.9964591408124517    


geracao 2
1    54.757075866270235    0.0    0.9963546608105265    
1    54.76281781702025    0.0    0.9964591408124517    
1    53.32412282920649    0.0    0.9958284703941579    
1    54.76281781702025    0.0    0.9964591408124517    
1    55.33975851717705    0.0    0.9965603145179337    
1    53.28470600338206    0.0    0.9950923608196178    
1    53.319926753325326    0.0    0.995750108639577    
1    53.288899307523856    0.0    0.9951706708119414    
1    53.27121630574651    0.0    0.9948404405957164    
1    55.34556156934697    0.0    0.9966648160851715    


geracao 3
1    53.319926753325326    0.0    0.995750108639577    
1    53.319926753325326    0.0    0.995750108639577    
1    53.319926753325326    0.0    0.995750108639577    
1    53.32412282920649    0.0    0.9958284703941579    
1    53.32412282920649    0.0    0.9958284703941579    
1    53.28470600338206    0.0    0.9950923608196178    
1    53.319926753325326    0.0    0.995750108639577    
1    53.288899307523856    0.0    0.9951706708119414    
1    53.27121630574651    0.0    0.9948404405957164    
1    54.76281781702025    0.0    0.9964591408124517    


geracao 4
1    53.319926753325326    0.0    0.995750108639577    
1    53.319926753325326    0.0    0.995750108639577    
1    53.288899307523856    0.0    0.9951706708119414    
1    53.319926753325326    0.0    0.995750108639577    
1    53.319926753325326    0.0    0.995750108639577    
1    53.27121630574651    0.0    0.9948404405957164    
1    53.27121630574651    0.0    0.9948404405957164    
1    53.28470600338206    0.0    0.9950923608196178    
1    53.2754085483003    0.0    0.9949187307628745    
1    53.27121630574651    0.0    0.9948404405957164    


geracao 5
1    53.27121630574651    0.0    0.9948404405957164    
1    53.2754085483003    0.0    0.9949187307628745    
1    53.27121630574651    0.0    0.9948404405957164    
1    53.28470600338206    0.0    0.9950923608196178    
1    53.28470600338206    0.0    0.9950923608196178    
1    53.28470600338206    0.0    0.9950923608196178    
1    53.27121630574651    0.0    0.9948404405957164    
1    53.27121630574651    0.0    0.9948404405957164    
1    53.27121630574651    0.0    0.9948404405957164    
1    53.27121630574651    0.0    0.9948404405957164    


geracao 6
1    53.27121630574651    0.0    0.9948404405957164    
1    53.27121630574651    0.0    0.9948404405957164    
1    53.27121630574651    0.0    0.9948404405957164    
1    53.27121630574651    0.0    0.9948404405957164    
1    53.27121630574651    0.0    0.9948404405957164    
1    53.27121630574651    0.0    0.9948404405957164    
1    53.27121630574651    0.0    0.9948404405957164    
1    53.27121630574651    0.0    0.9948404405957164    
1    53.27121630574651    0.0    0.9948404405957164    
1    53.27121630574651    0.0    0.9948404405957164    


geracao 7
1    53.27121630574651    0.0    0.9948404405957164    
1    53.27121630574651    0.0    0.9948404405957164    
1    53.27121630574651    0.0    0.9948404405957164    
1    53.27121630574651    0.0    0.9948404405957164    
1    53.27121630574651    0.0    0.9948404405957164    
1    53.27121630574651    0.0    0.9948404405957164    
1    53.27121630574651    0.0    0.9948404405957164    
1    53.27121630574651    0.0    0.9948404405957164    
1    53.27121630574651    0.0    0.9948404405957164    
1    53.27121630574651    0.0    0.9948404405957164    


geracao 8
1    53.27121630574651    0.0    0.9948404405957164    
1    53.27121630574651    0.0    0.9948404405957164    
1    53.27121630574651    0.0    0.9948404405957164    
1    53.27121630574651    0.0    0.9948404405957164    
1    53.27121630574651    0.0    0.9948404405957164    
1    53.27121630574651    0.0    0.9948404405957164    
1    53.27121630574651    0.0    0.9948404405957164    
1    53.27121630574651    0.0    0.9948404405957164    
1    53.27121630574651    0.0    0.9948404405957164    
1    53.27121630574651    0.0    0.9948404405957164    


geracao 9
1    53.27121630574651    0.0    0.9948404405957164    
1    53.27121630574651    0.0    0.9948404405957164    
1    53.27121630574651    0.0    0.9948404405957164    
1    53.27121630574651    0.0    0.9948404405957164    
1    53.27121630574651    0.0    0.9948404405957164    
1    53.27121630574651    0.0    0.9948404405957164    
1    53.27121630574651    0.0    0.9948404405957164    
1    53.27121630574651    0.0    0.9948404405957164    
1    53.27121630574651    0.0    0.9948404405957164    
1    53.27121630574651    0.0    0.9948404405957164    


geracao 10
1    53.27121630574651    0.0    0.9948404405957164    
1    53.27121630574651    0.0    0.9948404405957164    
1    53.27121630574651    0.0    0.9948404405957164    
1    53.27121630574651    0.0    0.9948404405957164    
1    53.27121630574651    0.0    0.9948404405957164    
1    53.27121630574651    0.0    0.9948404405957164    
1    53.27121630574651    0.0    0.9948404405957164    
1    53.27121630574651    0.0    0.9948404405957164    
1    53.27121630574651    0.0    0.9948404405957164    
1    53.27121630574651    0.0    0.9948404405957164    
