rank - op_exegergy - total_cost - availability
1    1.0622837194287602    0.0    0.9949980284259761    
1    3.6156654399135975    0.0    0.9953169600307739    
1    1.5654772574672386    0.0    0.9950486157852757    
1    1.0622837194287602    0.0    0.9949980284259761    
1    1.0622837194287602    0.0    0.9949980284259761    
1    3.615836618193044    0.0    0.9953640818255178    
1    1.5654772574672386    0.0    0.9950486157852757    
1    1.0622837194287602    0.0    0.9949980284259761    
2    4.211548685391617    0.0    0.9953371977795463    
2    4.397151632111743    0.0    0.9953372286159395    
2    4.211548685391617    0.0    0.9953371977795463    
2    1.8212197917442152    0.0    0.9949662412192806    
2    1.8212197917442152    0.0    0.9949662412192806    
2    3.7211922175461623    0.0    0.9949729658973536    
2    4.211548685391617    0.0    0.9953371977795463    
2    4.211349305349349    0.0    0.995290077257527    
3    6.503360626616773    0.0    0.995330155183989    
3    4.4234449271599985    0.0    0.9952928308300222    
4    5.388231899104847    0.0    0.9952886963939668    
5    5.9670631084115415    0.0    0.9952464736491455    
