rank - op_exegergy - total_cost - availability
1    2.2076624335942423    0.0    0.9954028420943066    
1    2.2076624335942423    0.0    0.9954028420943066    
1    2.2076624335942423    0.0    0.9954028420943066    
1    2.2076624335942423    0.0    0.9954028420943066    
1    2.2076624335942423    0.0    0.9954028420943066    
1    1.9311014410838505    0.0    0.9945053170617072    
1    1.9311014410838505    0.0    0.9945053170617072    
1    2.2076624335942423    0.0    0.9954028420943066    
1    2.2076624335942423    0.0    0.9954028420943066    
1    1.9311014410838505    0.0    0.9945053170617072    
1    2.2076624335942423    0.0    0.9954028420943066    
1    2.2076624335942423    0.0    0.9954028420943066    
1    2.2076624335942423    0.0    0.9954028420943066    
1    2.2076624335942423    0.0    0.9954028420943066    
1    2.2076624335942423    0.0    0.9954028420943066    
1    2.2076624335942423    0.0    0.9954028420943066    
1    2.2076624335942423    0.0    0.9954028420943066    
1    2.2076624335942423    0.0    0.9954028420943066    
1    2.2076624335942423    0.0    0.9954028420943066    
2    4.635696092432726    0.0    0.9953619403807302    
