rank - op_exegergy - total_cost - availability
1    0.4236137175239076    30339.837702010154    0.9999996670268271    
1    4.82269441742661    40582.962401969824    0.9999996938497714    
1    1.6346443417350671    29734.164222303727    0.9999996226903484    
1    4.145476306694793    41556.83470236858    0.9999996941049453    
1    1.8516442419535144    29715.69647715189    0.9999996236975396    
1    2.3529804576201063    35296.37608099443    0.9999996824429838    
1    2.322300399250621    30512.706420455695    0.9999996815357685    
1    3.564167109790798    40327.16958775826    0.999999688638807    
1    3.2307123950739753    36034.41767738243    0.9999996878850914    
1    2.564585687072359    30150.535715582548    0.9999996602760912    
1    2.138542005475215    29774.64749884592    0.9999996315813193    
1    3.870099756663784    40364.489104476495    0.9999996928314133    
1    4.4065892088454035    40469.7690553936    0.9999996935677877    
1    3.3220566213886435    41416.346614057074    0.9999996891825522    
1    2.9917062974657527    35472.820399163305    0.9999996844358565    
1    0.8078748331376876    30364.57095981358    0.9999996718943978    
1    0.474946023335097    30249.572575798884    0.9999996669356486    
1    1.2227827991074505    30051.609195516987    0.9999996490426234    
1    0.6825679607254092    30230.062834606735    0.9999996678819406    
1    3.6428429688696173    40927.43016298175    0.9999996890550231    
1    2.2503156832474995    29765.77737378231    0.9999996320828409    
1    3.166760834881481    29895.31220362155    0.9999996379339983    
1    1.0505140777821527    29991.392722982768    0.9999996456120497    
1    2.1388920462229755    30121.198844289098    0.9999996555603219    
1    1.5500381663927028    30377.90249324711    0.9999996765132961    
1    3.166760834881481    29895.31220362155    0.9999996379339983    
1    0.9939453295566637    30392.970166420753    0.9999996740441537    
1    2.4584501529964142    35899.61374942981    0.9999996829627538    
1    2.431251384913344    30157.01021584778    0.9999996598222418    
1    1.2627903773147156    29972.400133225023    0.9999996465887925    
1    2.2503156832474995    29765.77737378231    0.9999996320828409    
1    1.6346443417350671    29734.164222303727    0.9999996226903484    
1    2.4584501529964142    35899.61374942981    0.9999996829627538    
1    2.322300399250621    30512.706420455695    0.9999996815357685    
1    3.2307123950739753    36034.41767738243    0.9999996878850914    
1    4.82269441742661    40582.962401969824    0.9999996938497714    
1    3.195402545798707    35438.97554769595    0.999999687470047    
1    3.0549871560199406    29904.18232858646    0.9999996374404526    
1    2.2503156832474995    29765.77737378231    0.9999996320828409    
1    4.82269441742661    40582.962401969824    0.9999996938497714    
1    3.195402545798707    35438.97554769595    0.999999687470047    
1    3.568141741962832    35547.3504484561    0.9999996877549066    
1    0.6386525092983708    30308.83768884057    0.9999996703634142    
1    1.6346443417350671    29734.164222303727    0.9999996226903484    
1    1.6346443417350671    29734.164222303727    0.9999996226903484    
1    4.4065892088454035    40469.7690553936    0.9999996935677877    
1    2.3529804576201063    35296.37608099443    0.9999996824429838    
1    2.564585687072359    30150.535715582548    0.9999996602760912    
1    3.2307123950739753    36034.41767738243    0.9999996878850914    
1    1.4454607435164022    30387.572202296255    0.9999996760504194    
1    3.0549871560199406    29904.18232858646    0.9999996374404526    
2    4.498972617609299    36101.37771463928    0.9999996877766227    
2    3.7757723153388754    35181.32922090136    0.9999996669044104    
2    4.19187751275028    35294.52256630519    0.9999996672109301    
2    2.9551556278133657    35041.152575602435    0.9999996615587062    
2    2.4384536794516323    34999.24660196863    0.9999996530961928    
2    2.1317919077787923    29802.246851334476    0.9999996233849048    
2    2.3953257542938067    35078.10895968219    0.9999996557779961    
3    3.6246070648551036    40514.96357529908    0.9999994458033359    
3    4.196257755669892    35295.00925992769    0.9999996671983467    
