rank - op_exegergy - total_cost - availability
1    0.5309434276645342    30563.252811521397    0.9997757011321166    
1    5.400676206289702    41175.561656357786    0.9998952884991074    
1    4.710479977859169    42147.99194365545    0.9998952887459002    
1    4.710479977859169    42147.99194365545    0.9998952887459002    
1    1.7467798170402802    30006.097448900247    0.9997755801645044    
1    0.5403551414583873    30730.682214232118    0.9997912264816168    
1    1.7530427875922783    30079.642307276627    0.9998675309894246    
1    2.852364964937862    31099.981540056302    0.9998952765854853    
1    5.400676206289702    41175.561656357786    0.9998952884991074    
1    3.7814224659883022    36623.986741431865    0.9998952827289534    
1    4.12652057827356    36137.771597561405    0.9998952826029893    
1    4.12652057827356    36137.771597561405    0.9998952826029893    
1    4.710479977859169    42147.99194365545    0.9998952887459002    
1    5.055578092117157    41661.77680001144    0.9998952886225304    
1    5.055578092117157    41661.77680001144    0.9998952886225304    
1    1.121562901633676    30473.128998304786    0.9997912062005105    
1    0.7241196511644133    30665.62963187761    0.9998692161949861    
1    2.1475726828569517    30043.737625949347    0.9997814731129351    
1    3.0752150868489334    30434.805213701344    0.9998939040967857    
1    4.016760115622373    30369.4393780178    0.999884976781622    
1    2.368677896890756    30047.01774594456    0.9997822938234987    
1    3.485846900991265    30848.236565887295    0.9998952563022685    
1    0.7909259016968295    30522.868048037526    0.9997764428108243    
1    2.6934696174715813    36505.413935399    0.9998940312221749    
1    3.7814224659883022    36623.986741431865    0.9998952827289534    
1    1.4558475784867135    30592.47198470129    0.9998793745734319    
1    1.5629613447783668    30373.761644697322    0.9998734461417278    
1    2.575823620521406    30150.9467347086    0.9998758095030227    
1    2.7727281607602547    30177.4760472534    0.9998820820027525    
1    3.3038454163183815    30438.92145789227    0.9998947248996428    
1    1.7992928152799263    30985.284367229993    0.9998940250787144    
1    1.0779782837396805    30851.331237675524    0.9998802156472733    
1    0.9719593322109151    30630.226610363534    0.9998734664245021    
1    1.6554642517381983    30956.49412951287    0.9998892818952765    
1    0.5403551414583873    30730.682214232118    0.9997912264816168    
1    1.9491973473807147    30109.501081095954    0.9998690952160593    
1    2.449749497494337    30373.881309559794    0.9998852464715093    
1    1.6963493409011767    30484.457258238537    0.9998766978194062    
1    3.3038454163183815    30438.92145789227    0.9998947248996428    
1    2.6432235841962273    30443.268576449038    0.9998884191515945    
1    0.9136421012821996    30598.8825227726    0.9997815940812602    
1    2.0710884453369243    30632.65259336383    0.999886088929423    
1    2.97630870384662    30208.15993039179    0.9998836462521512    
1    2.2902990693206524    30228.319812694168    0.9998766761574464    
1    1.3095219767955215    30408.54247877427    0.999869195912298    
1    3.485846900991265    30848.236565887295    0.9998952563022685    
1    2.041641392044011    30698.557970468257    0.9998884408138089    
1    2.353037674621817    30147.479866513357    0.999874988715693    
1    2.97630870384662    30208.15993039179    0.9998836462521512    
1    4.12652057827356    36137.771597561405    0.9998952826029893    
1    1.7467798170402802    30006.097448900247    0.9997755801645044    
1    2.575823620521406    30150.9467347086    0.9998758095030227    
1    4.119328805662122    30596.491584369734    0.9998952346399065    
1    1.7048616712127438    30759.136332687536    0.9998837672328387    
1    1.3095219767955215    30408.54247877427    0.999869195912298    
1    2.843347612529945    30858.70115579618    0.9998937512167128    
1    4.12652057827356    36137.771597561405    0.9998952826029893    
1    1.6554642517381983    30956.49412951287    0.9998892818952765    
1    3.0752150868489334    30434.805213701344    0.9998939040967857    
1    3.3038454163183815    30438.92145789227    0.9998947248996428    
1    4.12652057827356    36137.771597561405    0.9998952826029893    
1    3.485846900991265    30848.236565887295    0.9998952563022685    
1    0.5309434276645342    30563.252811521397    0.9997757011321166    
1    0.5309434276645342    30563.252811521397    0.9997757011321166    
1    1.8533755682228226    30943.308982954215    0.9998939460423085    
1    1.7530427875922783    30079.642307276627    0.9998675309894246    
1    1.8949242760628078    30151.45531888012    0.9998691742505008    
1    1.3626223468712164    30366.45794085208    0.9998691168778547    
1    3.3038454163183815    30438.92145789227    0.9998947248996428    
1    1.7530427875922783    30079.642307276627    0.9998675309894246    
1    1.170707189055344    30337.070211696275    0.9998675526511864    
1    3.7814224659883022    36623.986741431865    0.9998952827289534    
1    1.5629613447783668    30373.761644697322    0.9998734461417278    
1    1.1646296198896906    30263.545953468358    0.999775601824274    
1    1.1119297957086032    30305.674996469254    0.9997756808513254    
1    3.7814224659883022    36623.986741431865    0.9998952827289534    
1    3.7814224659883022    36623.986741431865    0.9998952827289534    
1    2.0710884453369243    30632.65259336383    0.999886088929423    
1    2.368677896890756    30047.01774594456    0.9997822938234987    
1    2.1475726828569517    30043.737625949347    0.9997814731129351    
1    5.055578092117157    41661.77680001144    0.9998952886225304    
2    3.25688682735524    30209.495672451725    0.999824510541035    
2    2.2715153337475584    35880.16367703284    0.9998802216646867    
2    1.5140672757035363    30823.407813441525    0.9998057763844896    
2    1.676663811883682    36407.90014688868    0.9998794800349533    
2    2.7284895347407705    36147.760875940294    0.999885274694779    
2    4.760002494240451    35886.0266223062    0.999895262728929    
2    2.5796769907052233    35337.00002520372    0.9998749893648466    
2    1.901570119931717    35692.67467331912    0.9998692222123334    
2    3.138361663721972    36163.38089724257    0.9998937209736594    
2    4.547927561839156    31470.141763231295    0.9998952134082066    
2    3.237667004603032    31168.00738117234    0.9998949087430191    
2    2.176002983492565    30690.051473048654    0.9998734663203203    
3    4.023926659133671    35910.71658797475    0.9998850247442127    
3    4.331658783791977    31747.634681530235    0.999876090760109    
3    3.3031680060068345    36251.02634600878    0.9998940113567043    
3    3.9197881221967092    41537.88875826703    0.9998940371157445    
4    4.687650320853732    36020.393731789605    0.9998849784836032    
5    5.41051718489049    41698.80579825951    0.9998766678059221    
5    5.833927140046054    41775.19145248567    0.999879752571817    
