rank iniciais
1    1.4954515474504941    0.0    0.9994178530815734    
2    2.030628044848558    0.0    0.9994167416212044    
3    2.03232194302013    0.0    0.9994112822601656    
3    2.667469829491963    0.0    0.9994165947098674    
3    2.34184255353264    0.0    0.9994155765707418    
4    2.523471873071733    0.0    0.9993890500640571    
5    2.653422865490299    0.0    0.9993833387364964    
6    2.8671544636146793    0.0    0.9988921638435989    
6    3.358532740738548    0.0    0.9993516809314275    
7    3.236006386930033    0.0    0.9988556471906518    


geracao 1
1    1.4954515474504941    0.0    0.9994178530815734    
1    1.535504771013658    0.0    0.999424328720454    
1    1.4689221163792303    0.0    0.9994089794962954    
1    1.5819126140964295    0.0    0.9994313065012378    
1    1.4273102985713408    0.0    0.9994079632699548    
2    2.030628044848558    0.0    0.9994167416212044    
2    1.989829923042728    0.0    0.9994102660314836    
2    2.0577214631244756    0.0    0.9994256152754011    
2    2.1003203101794052    0.0    0.9994266315196906    
3    2.03232194302013    0.0    0.9994112822601656    


geracao 2
1    1.535504771013658    0.0    0.999424328720454    
1    1.5819126140964295    0.0    0.9994313065012378    
1    0.9885374203327448    0.0    0.999422528022058    
1    1.6220966707646682    0.0    0.9994377822272884    
2    1.4689221163792303    0.0    0.9994089794962954    
2    1.4273102985713408    0.0    0.9994079632699548    
2    1.4954515474504941    0.0    0.9994178530815734    
2    1.4273102985713408    0.0    0.9994079632699548    
2    1.4273102985713408    0.0    0.9994079632699548    
2    2.1003203101794052    0.0    0.9994266315196906    


geracao 3
1    1.5819126140964295    0.0    0.9994313065012378    
1    1.535504771013658    0.0    0.999424328720454    
1    1.6220966707646682    0.0    0.9994377822272884    
1    1.535504771013658    0.0    0.999424328720454    
1    0.9885374203327448    0.0    0.999422528022058    
1    1.6220966707646682    0.0    0.9994377822272884    
1    1.535504771013658    0.0    0.999424328720454    
1    1.6220966707646682    0.0    0.9994377822272884    
1    1.6220966707646682    0.0    0.9994377822272884    
1    1.6220966707646682    0.0    0.9994377822272884    


geracao 4
1    1.535504771013658    0.0    0.999424328720454    
1    1.535504771013658    0.0    0.999424328720454    
1    1.535504771013658    0.0    0.999424328720454    
1    1.6220966707646682    0.0    0.9994377822272884    
1    1.6220966707646682    0.0    0.9994377822272884    
1    1.535504771013658    0.0    0.999424328720454    
1    1.535504771013658    0.0    0.999424328720454    
1    1.535504771013658    0.0    0.999424328720454    
1    0.9885374203327448    0.0    0.999422528022058    
1    1.6220966707646682    0.0    0.9994377822272884    


geracao 5
1    1.535504771013658    0.0    0.999424328720454    
1    1.535504771013658    0.0    0.999424328720454    
1    1.535504771013658    0.0    0.999424328720454    
1    1.535504771013658    0.0    0.999424328720454    
1    1.535504771013658    0.0    0.999424328720454    
1    0.9885374203327448    0.0    0.999422528022058    
1    0.9885374203327448    0.0    0.999422528022058    
1    1.535504771013658    0.0    0.999424328720454    
1    1.535504771013658    0.0    0.999424328720454    
1    0.9885374203327448    0.0    0.999422528022058    


geracao 6
1    0.9885374203327448    0.0    0.999422528022058    
1    0.9885374203327448    0.0    0.999422528022058    
1    0.9885374203327448    0.0    0.999422528022058    
1    1.027826740155932    0.0    0.9994290036912293    
1    1.027826740155932    0.0    0.9994290036912293    
1    0.9885374203327448    0.0    0.999422528022058    
1    0.9233257147142727    0.0    0.9994071788255546    
1    0.9885374203327448    0.0    0.999422528022058    
2    1.535504771013658    0.0    0.999424328720454    
2    1.535504771013658    0.0    0.999424328720454    


geracao 7
1    0.9885374203327448    0.0    0.999422528022058    
1    0.9885374203327448    0.0    0.999422528022058    
1    0.9885374203327448    0.0    0.999422528022058    
1    0.9885374203327448    0.0    0.999422528022058    
1    0.9885374203327448    0.0    0.999422528022058    
1    0.9233257147142727    0.0    0.9994071788255546    
1    0.9885374203327448    0.0    0.999422528022058    
1    0.9885374203327448    0.0    0.999422528022058    
1    0.9233257147142727    0.0    0.9994071788255546    
1    1.027826740155932    0.0    0.9994290036912293    


geracao 8
1    0.9885374203327448    0.0    0.999422528022058    
1    0.9885374203327448    0.0    0.999422528022058    
1    0.9885374203327448    0.0    0.999422528022058    
1    0.9885374203327448    0.0    0.999422528022058    
1    0.9885374203327448    0.0    0.999422528022058    
1    0.9233257147142727    0.0    0.9994071788255546    
1    0.9885374203327448    0.0    0.999422528022058    
1    0.9233257147142727    0.0    0.9994071788255546    
1    0.9233257147142727    0.0    0.9994071788255546    
1    0.9885374203327448    0.0    0.999422528022058    


geracao 9
1    0.9885374203327448    0.0    0.999422528022058    
1    0.9885374203327448    0.0    0.999422528022058    
1    0.9233257147142727    0.0    0.9994071788255546    
1    0.9885374203327448    0.0    0.999422528022058    
1    0.9885374203327448    0.0    0.999422528022058    
1    0.9233257147142727    0.0    0.9994071788255546    
1    0.9233257147142727    0.0    0.9994071788255546    
1    0.9233257147142727    0.0    0.9994071788255546    
1    0.9233257147142727    0.0    0.9994071788255546    
1    0.9885374203327448    0.0    0.999422528022058    


geracao 10
1    0.9233257147142727    0.0    0.9994071788255546    
1    0.9233257147142727    0.0    0.9994071788255546    
1    0.9233257147142727    0.0    0.9994071788255546    
1    0.9233257147142727    0.0    0.9994071788255546    
1    0.9233257147142727    0.0    0.9994071788255546    
1    0.9233257147142727    0.0    0.9994071788255546    
1    0.9233257147142727    0.0    0.9994071788255546    
1    0.9233257147142727    0.0    0.9994071788255546    
1    0.9233257147142727    0.0    0.9994071788255546    
1    0.9233257147142727    0.0    0.9994071788255546    
